output_EXP_1_elliot	AttributeUserKNN_nn=100_sim=correlation_profile=binary_bin=False_load=ItemAttributes	nDCG	0.002507673375801505
AttributeUserKNN_nn=100_sim=correlation_profile=binary_bin=False_load=ItemAttributes	output_EXP_1_elliot	nDCG	0.002507673375801505
output_EXP_1_elliot	AttributeUserKNN_nn=100_sim=correlation_profile=binary_bin=False_load=ItemAttributes	Recall	5.160604980826649e-08
AttributeUserKNN_nn=100_sim=correlation_profile=binary_bin=False_load=ItemAttributes	output_EXP_1_elliot	Recall	5.160604980826649e-08
output_EXP_1_elliot	AttributeUserKNN_nn=100_sim=correlation_profile=binary_bin=False_load=ItemAttributes	Precision	3.180909952719694e-08
AttributeUserKNN_nn=100_sim=correlation_profile=binary_bin=False_load=ItemAttributes	output_EXP_1_elliot	Precision	3.180909952719694e-08
output_EXP_1_elliot	AttributeUserKNN_nn=100_sim=correlation_profile=binary_bin=False_load=ItemAttributes	nDCGRendle2020	3.309184447447674e-05
AttributeUserKNN_nn=100_sim=correlation_profile=binary_bin=False_load=ItemAttributes	output_EXP_1_elliot	nDCGRendle2020	3.309184447447674e-05
output_EXP_1_elliot	AttributeUserKNN_nn=100_sim=correlation_profile=binary_bin=False_load=ItemAttributes	HR	3.195887888138985e-17
AttributeUserKNN_nn=100_sim=correlation_profile=binary_bin=False_load=ItemAttributes	output_EXP_1_elliot	HR	3.195887888138985e-17
output_EXP_1_elliot	AttributeUserKNN_nn=100_sim=correlation_profile=binary_bin=False_load=ItemAttributes	F1	3.890141049697808e-08
AttributeUserKNN_nn=100_sim=correlation_profile=binary_bin=False_load=ItemAttributes	output_EXP_1_elliot	F1	3.890141049697808e-08
output_EXP_1_elliot	AttributeUserKNN_nn=100_sim=correlation_profile=binary_bin=False_load=ItemAttributes	MAP	4.6377280069532945e-21
AttributeUserKNN_nn=100_sim=correlation_profile=binary_bin=False_load=ItemAttributes	output_EXP_1_elliot	MAP	4.6377280069532945e-21
output_EXP_1_elliot	AttributeUserKNN_nn=100_sim=correlation_profile=binary_bin=False_load=ItemAttributes	MAR	5.59844298289891e-08
AttributeUserKNN_nn=100_sim=correlation_profile=binary_bin=False_load=ItemAttributes	output_EXP_1_elliot	MAR	5.59844298289891e-08
output_EXP_1_elliot	AttributeUserKNN_nn=100_sim=correlation_profile=binary_bin=False_load=ItemAttributes	MRR	1.1490068031761005e-23
AttributeUserKNN_nn=100_sim=correlation_profile=binary_bin=False_load=ItemAttributes	output_EXP_1_elliot	MRR	1.1490068031761005e-23
output_EXP_1_elliot	AttributeUserKNN_nn=100_sim=correlation_profile=binary_bin=False_load=ItemAttributes	ACLT	1.266879007340609e-76
AttributeUserKNN_nn=100_sim=correlation_profile=binary_bin=False_load=ItemAttributes	output_EXP_1_elliot	ACLT	1.266879007340609e-76
output_EXP_1_elliot	AttributeUserKNN_nn=100_sim=correlation_profile=binary_bin=False_load=ItemAttributes	APLT	7.447982987576211e-66
AttributeUserKNN_nn=100_sim=correlation_profile=binary_bin=False_load=ItemAttributes	output_EXP_1_elliot	APLT	7.447982987576211e-66
output_EXP_1_elliot	AttributeUserKNN_nn=100_sim=correlation_profile=binary_bin=False_load=ItemAttributes	ARP	8.764364859719416e-38
AttributeUserKNN_nn=100_sim=correlation_profile=binary_bin=False_load=ItemAttributes	output_EXP_1_elliot	ARP	8.764364859719416e-38
output_EXP_1_elliot	AttributeUserKNN_nn=100_sim=correlation_profile=binary_bin=False_load=ItemAttributes	EFD	6.296580716981065e-11
AttributeUserKNN_nn=100_sim=correlation_profile=binary_bin=False_load=ItemAttributes	output_EXP_1_elliot	EFD	6.296580716981065e-11
output_EXP_1_elliot	AttributeUserKNN_nn=100_sim=correlation_profile=binary_bin=False_load=ItemAttributes	EPC	2.233867597513026e-12
AttributeUserKNN_nn=100_sim=correlation_profile=binary_bin=False_load=ItemAttributes	output_EXP_1_elliot	EPC	2.233867597513026e-12
output_EXP_1_elliot	UserKNN_nn=100_sim=cosine_imp=standard_bin=False_shrink=0_norm=True_asymalpha=_tvalpha=_tvbeta=_rweights=	nDCG	0.23023703781719618
UserKNN_nn=100_sim=cosine_imp=standard_bin=False_shrink=0_norm=True_asymalpha=_tvalpha=_tvbeta=_rweights=	output_EXP_1_elliot	nDCG	0.23023703781719618
output_EXP_1_elliot	UserKNN_nn=100_sim=cosine_imp=standard_bin=False_shrink=0_norm=True_asymalpha=_tvalpha=_tvbeta=_rweights=	Recall	2.2745827381006966e-14
UserKNN_nn=100_sim=cosine_imp=standard_bin=False_shrink=0_norm=True_asymalpha=_tvalpha=_tvbeta=_rweights=	output_EXP_1_elliot	Recall	2.2745827381006966e-14
output_EXP_1_elliot	UserKNN_nn=100_sim=cosine_imp=standard_bin=False_shrink=0_norm=True_asymalpha=_tvalpha=_tvbeta=_rweights=	Precision	5.426513204008124e-15
UserKNN_nn=100_sim=cosine_imp=standard_bin=False_shrink=0_norm=True_asymalpha=_tvalpha=_tvbeta=_rweights=	output_EXP_1_elliot	Precision	5.426513204008124e-15
output_EXP_1_elliot	UserKNN_nn=100_sim=cosine_imp=standard_bin=False_shrink=0_norm=True_asymalpha=_tvalpha=_tvbeta=_rweights=	nDCGRendle2020	0.0485978051715122
UserKNN_nn=100_sim=cosine_imp=standard_bin=False_shrink=0_norm=True_asymalpha=_tvalpha=_tvbeta=_rweights=	output_EXP_1_elliot	nDCGRendle2020	0.0485978051715122
output_EXP_1_elliot	UserKNN_nn=100_sim=cosine_imp=standard_bin=False_shrink=0_norm=True_asymalpha=_tvalpha=_tvbeta=_rweights=	HR	1.9725826797492402e-29
UserKNN_nn=100_sim=cosine_imp=standard_bin=False_shrink=0_norm=True_asymalpha=_tvalpha=_tvbeta=_rweights=	output_EXP_1_elliot	HR	1.9725826797492402e-29
output_EXP_1_elliot	UserKNN_nn=100_sim=cosine_imp=standard_bin=False_shrink=0_norm=True_asymalpha=_tvalpha=_tvbeta=_rweights=	F1	1.3789153550214717e-14
UserKNN_nn=100_sim=cosine_imp=standard_bin=False_shrink=0_norm=True_asymalpha=_tvalpha=_tvbeta=_rweights=	output_EXP_1_elliot	F1	1.3789153550214717e-14
output_EXP_1_elliot	UserKNN_nn=100_sim=cosine_imp=standard_bin=False_shrink=0_norm=True_asymalpha=_tvalpha=_tvbeta=_rweights=	MAP	1.2799185073863753e-13
UserKNN_nn=100_sim=cosine_imp=standard_bin=False_shrink=0_norm=True_asymalpha=_tvalpha=_tvbeta=_rweights=	output_EXP_1_elliot	MAP	1.2799185073863753e-13
output_EXP_1_elliot	UserKNN_nn=100_sim=cosine_imp=standard_bin=False_shrink=0_norm=True_asymalpha=_tvalpha=_tvbeta=_rweights=	MAR	4.7819588127298955e-05
UserKNN_nn=100_sim=cosine_imp=standard_bin=False_shrink=0_norm=True_asymalpha=_tvalpha=_tvbeta=_rweights=	output_EXP_1_elliot	MAR	4.7819588127298955e-05
output_EXP_1_elliot	UserKNN_nn=100_sim=cosine_imp=standard_bin=False_shrink=0_norm=True_asymalpha=_tvalpha=_tvbeta=_rweights=	MRR	1.1622584012481603e-15
UserKNN_nn=100_sim=cosine_imp=standard_bin=False_shrink=0_norm=True_asymalpha=_tvalpha=_tvbeta=_rweights=	output_EXP_1_elliot	MRR	1.1622584012481603e-15
output_EXP_1_elliot	UserKNN_nn=100_sim=cosine_imp=standard_bin=False_shrink=0_norm=True_asymalpha=_tvalpha=_tvbeta=_rweights=	ACLT	1.2164762611114419e-60
UserKNN_nn=100_sim=cosine_imp=standard_bin=False_shrink=0_norm=True_asymalpha=_tvalpha=_tvbeta=_rweights=	output_EXP_1_elliot	ACLT	1.2164762611114419e-60
output_EXP_1_elliot	UserKNN_nn=100_sim=cosine_imp=standard_bin=False_shrink=0_norm=True_asymalpha=_tvalpha=_tvbeta=_rweights=	APLT	6.770124655418654e-22
UserKNN_nn=100_sim=cosine_imp=standard_bin=False_shrink=0_norm=True_asymalpha=_tvalpha=_tvbeta=_rweights=	output_EXP_1_elliot	APLT	6.770124655418654e-22
output_EXP_1_elliot	UserKNN_nn=100_sim=cosine_imp=standard_bin=False_shrink=0_norm=True_asymalpha=_tvalpha=_tvbeta=_rweights=	ARP	0.0028637107362862292
UserKNN_nn=100_sim=cosine_imp=standard_bin=False_shrink=0_norm=True_asymalpha=_tvalpha=_tvbeta=_rweights=	output_EXP_1_elliot	ARP	0.0028637107362862292
output_EXP_1_elliot	UserKNN_nn=100_sim=cosine_imp=standard_bin=False_shrink=0_norm=True_asymalpha=_tvalpha=_tvbeta=_rweights=	EFD	1.5007295766956667e-06
UserKNN_nn=100_sim=cosine_imp=standard_bin=False_shrink=0_norm=True_asymalpha=_tvalpha=_tvbeta=_rweights=	output_EXP_1_elliot	EFD	1.5007295766956667e-06
output_EXP_1_elliot	UserKNN_nn=100_sim=cosine_imp=standard_bin=False_shrink=0_norm=True_asymalpha=_tvalpha=_tvbeta=_rweights=	EPC	2.350635472087465e-07
UserKNN_nn=100_sim=cosine_imp=standard_bin=False_shrink=0_norm=True_asymalpha=_tvalpha=_tvbeta=_rweights=	output_EXP_1_elliot	EPC	2.350635472087465e-07
output_EXP_1_elliot	EASER_neighborhood=1507_l2_norm=28754079$46612463	nDCG	0.001932813480010813
EASER_neighborhood=1507_l2_norm=28754079$46612463	output_EXP_1_elliot	nDCG	0.001932813480010813
output_EXP_1_elliot	EASER_neighborhood=1507_l2_norm=28754079$46612463	Recall	9.646980819244931e-08
EASER_neighborhood=1507_l2_norm=28754079$46612463	output_EXP_1_elliot	Recall	9.646980819244931e-08
output_EXP_1_elliot	EASER_neighborhood=1507_l2_norm=28754079$46612463	Precision	7.952195258403585e-09
EASER_neighborhood=1507_l2_norm=28754079$46612463	output_EXP_1_elliot	Precision	7.952195258403585e-09
output_EXP_1_elliot	EASER_neighborhood=1507_l2_norm=28754079$46612463	nDCGRendle2020	8.097716817445267e-06
EASER_neighborhood=1507_l2_norm=28754079$46612463	output_EXP_1_elliot	nDCGRendle2020	8.097716817445267e-06
output_EXP_1_elliot	EASER_neighborhood=1507_l2_norm=28754079$46612463	HR	1.8179216768860254e-22
EASER_neighborhood=1507_l2_norm=28754079$46612463	output_EXP_1_elliot	HR	1.8179216768860254e-22
output_EXP_1_elliot	EASER_neighborhood=1507_l2_norm=28754079$46612463	F1	1.0189250609397159e-07
EASER_neighborhood=1507_l2_norm=28754079$46612463	output_EXP_1_elliot	F1	1.0189250609397159e-07
output_EXP_1_elliot	EASER_neighborhood=1507_l2_norm=28754079$46612463	MAP	5.919351183179816e-20
EASER_neighborhood=1507_l2_norm=28754079$46612463	output_EXP_1_elliot	MAP	5.919351183179816e-20
output_EXP_1_elliot	EASER_neighborhood=1507_l2_norm=28754079$46612463	MAR	4.357040690735924e-08
EASER_neighborhood=1507_l2_norm=28754079$46612463	output_EXP_1_elliot	MAR	4.357040690735924e-08
output_EXP_1_elliot	EASER_neighborhood=1507_l2_norm=28754079$46612463	MRR	9.688883007216672e-21
EASER_neighborhood=1507_l2_norm=28754079$46612463	output_EXP_1_elliot	MRR	9.688883007216672e-21
output_EXP_1_elliot	EASER_neighborhood=1507_l2_norm=28754079$46612463	ACLT	1.9399442153806e-08
EASER_neighborhood=1507_l2_norm=28754079$46612463	output_EXP_1_elliot	ACLT	1.9399442153806e-08
output_EXP_1_elliot	EASER_neighborhood=1507_l2_norm=28754079$46612463	APLT	4.4003905727099566e-30
EASER_neighborhood=1507_l2_norm=28754079$46612463	output_EXP_1_elliot	APLT	4.4003905727099566e-30
output_EXP_1_elliot	EASER_neighborhood=1507_l2_norm=28754079$46612463	ARP	1.760528430966837e-67
EASER_neighborhood=1507_l2_norm=28754079$46612463	output_EXP_1_elliot	ARP	1.760528430966837e-67
output_EXP_1_elliot	EASER_neighborhood=1507_l2_norm=28754079$46612463	EFD	1.2777767755692403e-13
EASER_neighborhood=1507_l2_norm=28754079$46612463	output_EXP_1_elliot	EFD	1.2777767755692403e-13
output_EXP_1_elliot	EASER_neighborhood=1507_l2_norm=28754079$46612463	EPC	2.5988327229671946e-13
EASER_neighborhood=1507_l2_norm=28754079$46612463	output_EXP_1_elliot	EPC	2.5988327229671946e-13
output_EXP_1_elliot	VSM_sim=cosine_up=tfidf_ip=binary_load=ItemAttributes	nDCG	0.11972527353687198
VSM_sim=cosine_up=tfidf_ip=binary_load=ItemAttributes	output_EXP_1_elliot	nDCG	0.11972527353687198
output_EXP_1_elliot	VSM_sim=cosine_up=tfidf_ip=binary_load=ItemAttributes	Recall	8.239269173312578e-14
VSM_sim=cosine_up=tfidf_ip=binary_load=ItemAttributes	output_EXP_1_elliot	Recall	8.239269173312578e-14
output_EXP_1_elliot	VSM_sim=cosine_up=tfidf_ip=binary_load=ItemAttributes	Precision	6.527311441344628e-14
VSM_sim=cosine_up=tfidf_ip=binary_load=ItemAttributes	output_EXP_1_elliot	Precision	6.527311441344628e-14
output_EXP_1_elliot	VSM_sim=cosine_up=tfidf_ip=binary_load=ItemAttributes	nDCGRendle2020	0.0028329217814999216
VSM_sim=cosine_up=tfidf_ip=binary_load=ItemAttributes	output_EXP_1_elliot	nDCGRendle2020	0.0028329217814999216
output_EXP_1_elliot	VSM_sim=cosine_up=tfidf_ip=binary_load=ItemAttributes	HR	2.9227992968941497e-28
VSM_sim=cosine_up=tfidf_ip=binary_load=ItemAttributes	output_EXP_1_elliot	HR	2.9227992968941497e-28
output_EXP_1_elliot	VSM_sim=cosine_up=tfidf_ip=binary_load=ItemAttributes	F1	9.18333145726884e-14
VSM_sim=cosine_up=tfidf_ip=binary_load=ItemAttributes	output_EXP_1_elliot	F1	9.18333145726884e-14
output_EXP_1_elliot	VSM_sim=cosine_up=tfidf_ip=binary_load=ItemAttributes	MAP	5.712763737901824e-17
VSM_sim=cosine_up=tfidf_ip=binary_load=ItemAttributes	output_EXP_1_elliot	MAP	5.712763737901824e-17
output_EXP_1_elliot	VSM_sim=cosine_up=tfidf_ip=binary_load=ItemAttributes	MAR	1.0864755898946692e-06
VSM_sim=cosine_up=tfidf_ip=binary_load=ItemAttributes	output_EXP_1_elliot	MAR	1.0864755898946692e-06
output_EXP_1_elliot	VSM_sim=cosine_up=tfidf_ip=binary_load=ItemAttributes	MRR	9.552740365573563e-19
VSM_sim=cosine_up=tfidf_ip=binary_load=ItemAttributes	output_EXP_1_elliot	MRR	9.552740365573563e-19
output_EXP_1_elliot	VSM_sim=cosine_up=tfidf_ip=binary_load=ItemAttributes	ACLT	3.0011642772414556e-52
VSM_sim=cosine_up=tfidf_ip=binary_load=ItemAttributes	output_EXP_1_elliot	ACLT	3.0011642772414556e-52
output_EXP_1_elliot	VSM_sim=cosine_up=tfidf_ip=binary_load=ItemAttributes	APLT	5.186749410148233e-12
VSM_sim=cosine_up=tfidf_ip=binary_load=ItemAttributes	output_EXP_1_elliot	APLT	5.186749410148233e-12
output_EXP_1_elliot	VSM_sim=cosine_up=tfidf_ip=binary_load=ItemAttributes	ARP	2.1295086163124258e-16
VSM_sim=cosine_up=tfidf_ip=binary_load=ItemAttributes	output_EXP_1_elliot	ARP	2.1295086163124258e-16
output_EXP_1_elliot	VSM_sim=cosine_up=tfidf_ip=binary_load=ItemAttributes	EFD	3.188150867533382e-09
VSM_sim=cosine_up=tfidf_ip=binary_load=ItemAttributes	output_EXP_1_elliot	EFD	3.188150867533382e-09
output_EXP_1_elliot	VSM_sim=cosine_up=tfidf_ip=binary_load=ItemAttributes	EPC	6.2203895417767e-10
VSM_sim=cosine_up=tfidf_ip=binary_load=ItemAttributes	output_EXP_1_elliot	EPC	6.2203895417767e-10
output_EXP_1_elliot	Random_seed=42	nDCG	2.3792015636579485e-41
Random_seed=42	output_EXP_1_elliot	nDCG	2.3792015636579485e-41
output_EXP_1_elliot	Random_seed=42	Recall	2.28105578237124e-37
Random_seed=42	output_EXP_1_elliot	Recall	2.28105578237124e-37
output_EXP_1_elliot	Random_seed=42	Precision	8.184206341970221e-37
Random_seed=42	output_EXP_1_elliot	Precision	8.184206341970221e-37
output_EXP_1_elliot	Random_seed=42	nDCGRendle2020	4.874953616452101e-44
Random_seed=42	output_EXP_1_elliot	nDCGRendle2020	4.874953616452101e-44
output_EXP_1_elliot	Random_seed=42	HR	2.9049433410065272e-33
Random_seed=42	output_EXP_1_elliot	HR	2.9049433410065272e-33
output_EXP_1_elliot	Random_seed=42	F1	1.906757729669708e-37
Random_seed=42	output_EXP_1_elliot	F1	1.906757729669708e-37
output_EXP_1_elliot	Random_seed=42	MAP	4.278303465550569e-45
Random_seed=42	output_EXP_1_elliot	MAP	4.278303465550569e-45
output_EXP_1_elliot	Random_seed=42	MAR	8.384115011747636e-45
Random_seed=42	output_EXP_1_elliot	MAR	8.384115011747636e-45
output_EXP_1_elliot	Random_seed=42	MRR	1.0356511417307692e-43
Random_seed=42	output_EXP_1_elliot	MRR	1.0356511417307692e-43
output_EXP_1_elliot	Random_seed=42	ACLT	3.60668790115115e-78
Random_seed=42	output_EXP_1_elliot	ACLT	3.60668790115115e-78
output_EXP_1_elliot	Random_seed=42	APLT	3.614767525240587e-76
Random_seed=42	output_EXP_1_elliot	APLT	3.614767525240587e-76
output_EXP_1_elliot	Random_seed=42	ARP	1.3814499830390414e-65
Random_seed=42	output_EXP_1_elliot	ARP	1.3814499830390414e-65
output_EXP_1_elliot	Random_seed=42	EFD	5.3350788346426656e-45
Random_seed=42	output_EXP_1_elliot	EFD	5.3350788346426656e-45
output_EXP_1_elliot	Random_seed=42	EPC	1.5833610139167e-45
Random_seed=42	output_EXP_1_elliot	EPC	1.5833610139167e-45
output_EXP_1_elliot	AttributeItemKNN_nn=40_sim=correlation_bin=False_load=ItemAttributes	nDCG	0.059781841555118974
AttributeItemKNN_nn=40_sim=correlation_bin=False_load=ItemAttributes	output_EXP_1_elliot	nDCG	0.059781841555118974
output_EXP_1_elliot	AttributeItemKNN_nn=40_sim=correlation_bin=False_load=ItemAttributes	Recall	1.4501181067113143e-12
AttributeItemKNN_nn=40_sim=correlation_bin=False_load=ItemAttributes	output_EXP_1_elliot	Recall	1.4501181067113143e-12
output_EXP_1_elliot	AttributeItemKNN_nn=40_sim=correlation_bin=False_load=ItemAttributes	Precision	1.5554091852003091e-12
AttributeItemKNN_nn=40_sim=correlation_bin=False_load=ItemAttributes	output_EXP_1_elliot	Precision	1.5554091852003091e-12
output_EXP_1_elliot	AttributeItemKNN_nn=40_sim=correlation_bin=False_load=ItemAttributes	nDCGRendle2020	0.006384888331805592
AttributeItemKNN_nn=40_sim=correlation_bin=False_load=ItemAttributes	output_EXP_1_elliot	nDCGRendle2020	0.006384888331805592
output_EXP_1_elliot	AttributeItemKNN_nn=40_sim=correlation_bin=False_load=ItemAttributes	HR	6.529003986918152e-21
AttributeItemKNN_nn=40_sim=correlation_bin=False_load=ItemAttributes	output_EXP_1_elliot	HR	6.529003986918152e-21
output_EXP_1_elliot	AttributeItemKNN_nn=40_sim=correlation_bin=False_load=ItemAttributes	F1	2.2853389928004585e-12
AttributeItemKNN_nn=40_sim=correlation_bin=False_load=ItemAttributes	output_EXP_1_elliot	F1	2.2853389928004585e-12
output_EXP_1_elliot	AttributeItemKNN_nn=40_sim=correlation_bin=False_load=ItemAttributes	MAP	3.405321264738568e-17
AttributeItemKNN_nn=40_sim=correlation_bin=False_load=ItemAttributes	output_EXP_1_elliot	MAP	3.405321264738568e-17
output_EXP_1_elliot	AttributeItemKNN_nn=40_sim=correlation_bin=False_load=ItemAttributes	MAR	7.781963937272139e-06
AttributeItemKNN_nn=40_sim=correlation_bin=False_load=ItemAttributes	output_EXP_1_elliot	MAR	7.781963937272139e-06
output_EXP_1_elliot	AttributeItemKNN_nn=40_sim=correlation_bin=False_load=ItemAttributes	MRR	6.016667261121919e-20
AttributeItemKNN_nn=40_sim=correlation_bin=False_load=ItemAttributes	output_EXP_1_elliot	MRR	6.016667261121919e-20
output_EXP_1_elliot	AttributeItemKNN_nn=40_sim=correlation_bin=False_load=ItemAttributes	ACLT	4.441168165245083e-78
AttributeItemKNN_nn=40_sim=correlation_bin=False_load=ItemAttributes	output_EXP_1_elliot	ACLT	4.441168165245083e-78
output_EXP_1_elliot	AttributeItemKNN_nn=40_sim=correlation_bin=False_load=ItemAttributes	APLT	5.64104117755442e-76
AttributeItemKNN_nn=40_sim=correlation_bin=False_load=ItemAttributes	output_EXP_1_elliot	APLT	5.64104117755442e-76
output_EXP_1_elliot	AttributeItemKNN_nn=40_sim=correlation_bin=False_load=ItemAttributes	ARP	2.9716269198642097e-55
AttributeItemKNN_nn=40_sim=correlation_bin=False_load=ItemAttributes	output_EXP_1_elliot	ARP	2.9716269198642097e-55
output_EXP_1_elliot	AttributeItemKNN_nn=40_sim=correlation_bin=False_load=ItemAttributes	EFD	4.094459264551567e-07
AttributeItemKNN_nn=40_sim=correlation_bin=False_load=ItemAttributes	output_EXP_1_elliot	EFD	4.094459264551567e-07
output_EXP_1_elliot	AttributeItemKNN_nn=40_sim=correlation_bin=False_load=ItemAttributes	EPC	3.485924368567604e-09
AttributeItemKNN_nn=40_sim=correlation_bin=False_load=ItemAttributes	output_EXP_1_elliot	EPC	3.485924368567604e-09
output_EXP_1_elliot	ItemKNN_nn=100_sim=cosine_imp=standard_bin=False_shrink=0_norm=True_asymalpha=_tvalpha=_tvbeta=_rweights=	nDCG	0.4375175587221828
ItemKNN_nn=100_sim=cosine_imp=standard_bin=False_shrink=0_norm=True_asymalpha=_tvalpha=_tvbeta=_rweights=	output_EXP_1_elliot	nDCG	0.4375175587221828
output_EXP_1_elliot	ItemKNN_nn=100_sim=cosine_imp=standard_bin=False_shrink=0_norm=True_asymalpha=_tvalpha=_tvbeta=_rweights=	Recall	2.1263794321708274e-17
ItemKNN_nn=100_sim=cosine_imp=standard_bin=False_shrink=0_norm=True_asymalpha=_tvalpha=_tvbeta=_rweights=	output_EXP_1_elliot	Recall	2.1263794321708274e-17
output_EXP_1_elliot	ItemKNN_nn=100_sim=cosine_imp=standard_bin=False_shrink=0_norm=True_asymalpha=_tvalpha=_tvbeta=_rweights=	Precision	3.7942029346704104e-18
ItemKNN_nn=100_sim=cosine_imp=standard_bin=False_shrink=0_norm=True_asymalpha=_tvalpha=_tvbeta=_rweights=	output_EXP_1_elliot	Precision	3.7942029346704104e-18
output_EXP_1_elliot	ItemKNN_nn=100_sim=cosine_imp=standard_bin=False_shrink=0_norm=True_asymalpha=_tvalpha=_tvbeta=_rweights=	nDCGRendle2020	0.16067139284499377
ItemKNN_nn=100_sim=cosine_imp=standard_bin=False_shrink=0_norm=True_asymalpha=_tvalpha=_tvbeta=_rweights=	output_EXP_1_elliot	nDCGRendle2020	0.16067139284499377
output_EXP_1_elliot	ItemKNN_nn=100_sim=cosine_imp=standard_bin=False_shrink=0_norm=True_asymalpha=_tvalpha=_tvbeta=_rweights=	HR	6.239839229107202e-29
ItemKNN_nn=100_sim=cosine_imp=standard_bin=False_shrink=0_norm=True_asymalpha=_tvalpha=_tvbeta=_rweights=	output_EXP_1_elliot	HR	6.239839229107202e-29
output_EXP_1_elliot	ItemKNN_nn=100_sim=cosine_imp=standard_bin=False_shrink=0_norm=True_asymalpha=_tvalpha=_tvbeta=_rweights=	F1	1.2463244238554629e-17
ItemKNN_nn=100_sim=cosine_imp=standard_bin=False_shrink=0_norm=True_asymalpha=_tvalpha=_tvbeta=_rweights=	output_EXP_1_elliot	F1	1.2463244238554629e-17
output_EXP_1_elliot	ItemKNN_nn=100_sim=cosine_imp=standard_bin=False_shrink=0_norm=True_asymalpha=_tvalpha=_tvbeta=_rweights=	MAP	2.0454324219533532e-14
ItemKNN_nn=100_sim=cosine_imp=standard_bin=False_shrink=0_norm=True_asymalpha=_tvalpha=_tvbeta=_rweights=	output_EXP_1_elliot	MAP	2.0454324219533532e-14
output_EXP_1_elliot	ItemKNN_nn=100_sim=cosine_imp=standard_bin=False_shrink=0_norm=True_asymalpha=_tvalpha=_tvbeta=_rweights=	MAR	0.00014701878341220081
ItemKNN_nn=100_sim=cosine_imp=standard_bin=False_shrink=0_norm=True_asymalpha=_tvalpha=_tvbeta=_rweights=	output_EXP_1_elliot	MAR	0.00014701878341220081
output_EXP_1_elliot	ItemKNN_nn=100_sim=cosine_imp=standard_bin=False_shrink=0_norm=True_asymalpha=_tvalpha=_tvbeta=_rweights=	MRR	1.6171228496374957e-17
ItemKNN_nn=100_sim=cosine_imp=standard_bin=False_shrink=0_norm=True_asymalpha=_tvalpha=_tvbeta=_rweights=	output_EXP_1_elliot	MRR	1.6171228496374957e-17
output_EXP_1_elliot	ItemKNN_nn=100_sim=cosine_imp=standard_bin=False_shrink=0_norm=True_asymalpha=_tvalpha=_tvbeta=_rweights=	ACLT	5.732032835257434e-77
ItemKNN_nn=100_sim=cosine_imp=standard_bin=False_shrink=0_norm=True_asymalpha=_tvalpha=_tvbeta=_rweights=	output_EXP_1_elliot	ACLT	5.732032835257434e-77
output_EXP_1_elliot	ItemKNN_nn=100_sim=cosine_imp=standard_bin=False_shrink=0_norm=True_asymalpha=_tvalpha=_tvbeta=_rweights=	APLT	6.810281963166141e-70
ItemKNN_nn=100_sim=cosine_imp=standard_bin=False_shrink=0_norm=True_asymalpha=_tvalpha=_tvbeta=_rweights=	output_EXP_1_elliot	APLT	6.810281963166141e-70
output_EXP_1_elliot	ItemKNN_nn=100_sim=cosine_imp=standard_bin=False_shrink=0_norm=True_asymalpha=_tvalpha=_tvbeta=_rweights=	ARP	1.4306608711194676e-35
ItemKNN_nn=100_sim=cosine_imp=standard_bin=False_shrink=0_norm=True_asymalpha=_tvalpha=_tvbeta=_rweights=	output_EXP_1_elliot	ARP	1.4306608711194676e-35
output_EXP_1_elliot	ItemKNN_nn=100_sim=cosine_imp=standard_bin=False_shrink=0_norm=True_asymalpha=_tvalpha=_tvbeta=_rweights=	EFD	9.747182246350644e-05
ItemKNN_nn=100_sim=cosine_imp=standard_bin=False_shrink=0_norm=True_asymalpha=_tvalpha=_tvbeta=_rweights=	output_EXP_1_elliot	EFD	9.747182246350644e-05
output_EXP_1_elliot	ItemKNN_nn=100_sim=cosine_imp=standard_bin=False_shrink=0_norm=True_asymalpha=_tvalpha=_tvbeta=_rweights=	EPC	4.911613316239069e-06
ItemKNN_nn=100_sim=cosine_imp=standard_bin=False_shrink=0_norm=True_asymalpha=_tvalpha=_tvbeta=_rweights=	output_EXP_1_elliot	EPC	4.911613316239069e-06
output_EXP_1_elliot	RP3beta_neighborhood=507_alpha=1$0180281935718316_beta=0$41875971052261285_normalize_similarity=True	nDCG	0.7501718502926548
RP3beta_neighborhood=507_alpha=1$0180281935718316_beta=0$41875971052261285_normalize_similarity=True	output_EXP_1_elliot	nDCG	0.7501718502926548
output_EXP_1_elliot	RP3beta_neighborhood=507_alpha=1$0180281935718316_beta=0$41875971052261285_normalize_similarity=True	Recall	3.414557062778099e-21
RP3beta_neighborhood=507_alpha=1$0180281935718316_beta=0$41875971052261285_normalize_similarity=True	output_EXP_1_elliot	Recall	3.414557062778099e-21
output_EXP_1_elliot	RP3beta_neighborhood=507_alpha=1$0180281935718316_beta=0$41875971052261285_normalize_similarity=True	Precision	1.8425205551288397e-22
RP3beta_neighborhood=507_alpha=1$0180281935718316_beta=0$41875971052261285_normalize_similarity=True	output_EXP_1_elliot	Precision	1.8425205551288397e-22
output_EXP_1_elliot	RP3beta_neighborhood=507_alpha=1$0180281935718316_beta=0$41875971052261285_normalize_similarity=True	nDCGRendle2020	0.5441098506938407
RP3beta_neighborhood=507_alpha=1$0180281935718316_beta=0$41875971052261285_normalize_similarity=True	output_EXP_1_elliot	nDCGRendle2020	0.5441098506938407
output_EXP_1_elliot	RP3beta_neighborhood=507_alpha=1$0180281935718316_beta=0$41875971052261285_normalize_similarity=True	HR	5.660473306643571e-36
RP3beta_neighborhood=507_alpha=1$0180281935718316_beta=0$41875971052261285_normalize_similarity=True	output_EXP_1_elliot	HR	5.660473306643571e-36
output_EXP_1_elliot	RP3beta_neighborhood=507_alpha=1$0180281935718316_beta=0$41875971052261285_normalize_similarity=True	F1	1.5668502136257056e-21
RP3beta_neighborhood=507_alpha=1$0180281935718316_beta=0$41875971052261285_normalize_similarity=True	output_EXP_1_elliot	F1	1.5668502136257056e-21
output_EXP_1_elliot	RP3beta_neighborhood=507_alpha=1$0180281935718316_beta=0$41875971052261285_normalize_similarity=True	MAP	1.3876340441064115e-13
RP3beta_neighborhood=507_alpha=1$0180281935718316_beta=0$41875971052261285_normalize_similarity=True	output_EXP_1_elliot	MAP	1.3876340441064115e-13
output_EXP_1_elliot	RP3beta_neighborhood=507_alpha=1$0180281935718316_beta=0$41875971052261285_normalize_similarity=True	MAR	0.00454438837613217
RP3beta_neighborhood=507_alpha=1$0180281935718316_beta=0$41875971052261285_normalize_similarity=True	output_EXP_1_elliot	MAR	0.00454438837613217
output_EXP_1_elliot	RP3beta_neighborhood=507_alpha=1$0180281935718316_beta=0$41875971052261285_normalize_similarity=True	MRR	5.524403064836416e-17
RP3beta_neighborhood=507_alpha=1$0180281935718316_beta=0$41875971052261285_normalize_similarity=True	output_EXP_1_elliot	MRR	5.524403064836416e-17
output_EXP_1_elliot	RP3beta_neighborhood=507_alpha=1$0180281935718316_beta=0$41875971052261285_normalize_similarity=True	ACLT	6.952517763962802e-73
RP3beta_neighborhood=507_alpha=1$0180281935718316_beta=0$41875971052261285_normalize_similarity=True	output_EXP_1_elliot	ACLT	6.952517763962802e-73
output_EXP_1_elliot	RP3beta_neighborhood=507_alpha=1$0180281935718316_beta=0$41875971052261285_normalize_similarity=True	APLT	6.308394764705506e-48
RP3beta_neighborhood=507_alpha=1$0180281935718316_beta=0$41875971052261285_normalize_similarity=True	output_EXP_1_elliot	APLT	6.308394764705506e-48
output_EXP_1_elliot	RP3beta_neighborhood=507_alpha=1$0180281935718316_beta=0$41875971052261285_normalize_similarity=True	ARP	0.5371478600100142
RP3beta_neighborhood=507_alpha=1$0180281935718316_beta=0$41875971052261285_normalize_similarity=True	output_EXP_1_elliot	ARP	0.5371478600100142
output_EXP_1_elliot	RP3beta_neighborhood=507_alpha=1$0180281935718316_beta=0$41875971052261285_normalize_similarity=True	EFD	0.0003172032694160273
RP3beta_neighborhood=507_alpha=1$0180281935718316_beta=0$41875971052261285_normalize_similarity=True	output_EXP_1_elliot	EFD	0.0003172032694160273
output_EXP_1_elliot	RP3beta_neighborhood=507_alpha=1$0180281935718316_beta=0$41875971052261285_normalize_similarity=True	EPC	4.4971712315351106e-05
RP3beta_neighborhood=507_alpha=1$0180281935718316_beta=0$41875971052261285_normalize_similarity=True	output_EXP_1_elliot	EPC	4.4971712315351106e-05
output_EXP_1_elliot	MostPop	nDCG	1.674604392765158e-22
MostPop	output_EXP_1_elliot	nDCG	1.674604392765158e-22
output_EXP_1_elliot	MostPop	Recall	4.287085928129779e-11
MostPop	output_EXP_1_elliot	Recall	4.287085928129779e-11
output_EXP_1_elliot	MostPop	Precision	6.458951015629285e-08
MostPop	output_EXP_1_elliot	Precision	6.458951015629285e-08
output_EXP_1_elliot	MostPop	nDCGRendle2020	5.776350914493492e-27
MostPop	output_EXP_1_elliot	nDCGRendle2020	5.776350914493492e-27
output_EXP_1_elliot	MostPop	HR	0.006714389785549478
MostPop	output_EXP_1_elliot	HR	0.006714389785549478
output_EXP_1_elliot	MostPop	F1	9.122515753516516e-11
MostPop	output_EXP_1_elliot	F1	9.122515753516516e-11
output_EXP_1_elliot	MostPop	MAP	9.781865336158417e-33
MostPop	output_EXP_1_elliot	MAP	9.781865336158417e-33
output_EXP_1_elliot	MostPop	MAR	4.3954791256491284e-26
MostPop	output_EXP_1_elliot	MAR	4.3954791256491284e-26
output_EXP_1_elliot	MostPop	MRR	7.685753629541753e-33
MostPop	output_EXP_1_elliot	MRR	7.685753629541753e-33
output_EXP_1_elliot	MostPop	ACLT	9.7587555413335e-55
MostPop	output_EXP_1_elliot	ACLT	9.7587555413335e-55
output_EXP_1_elliot	MostPop	APLT	2.221950256455399e-54
MostPop	output_EXP_1_elliot	APLT	2.221950256455399e-54
output_EXP_1_elliot	MostPop	ARP	2.9142919350890978e-77
MostPop	output_EXP_1_elliot	ARP	2.9142919350890978e-77
output_EXP_1_elliot	MostPop	EFD	2.605690123447684e-35
MostPop	output_EXP_1_elliot	EFD	2.605690123447684e-35
output_EXP_1_elliot	MostPop	EPC	6.949968971261711e-34
MostPop	output_EXP_1_elliot	EPC	6.949968971261711e-34
AttributeUserKNN_nn=100_sim=correlation_profile=binary_bin=False_load=ItemAttributes	UserKNN_nn=100_sim=cosine_imp=standard_bin=False_shrink=0_norm=True_asymalpha=_tvalpha=_tvbeta=_rweights=	nDCG	6.03939476465031e-05
UserKNN_nn=100_sim=cosine_imp=standard_bin=False_shrink=0_norm=True_asymalpha=_tvalpha=_tvbeta=_rweights=	AttributeUserKNN_nn=100_sim=correlation_profile=binary_bin=False_load=ItemAttributes	nDCG	6.03939476465031e-05
AttributeUserKNN_nn=100_sim=correlation_profile=binary_bin=False_load=ItemAttributes	UserKNN_nn=100_sim=cosine_imp=standard_bin=False_shrink=0_norm=True_asymalpha=_tvalpha=_tvbeta=_rweights=	Recall	0.00041399171029492433
UserKNN_nn=100_sim=cosine_imp=standard_bin=False_shrink=0_norm=True_asymalpha=_tvalpha=_tvbeta=_rweights=	AttributeUserKNN_nn=100_sim=correlation_profile=binary_bin=False_load=ItemAttributes	Recall	0.00041399171029492433
AttributeUserKNN_nn=100_sim=correlation_profile=binary_bin=False_load=ItemAttributes	UserKNN_nn=100_sim=cosine_imp=standard_bin=False_shrink=0_norm=True_asymalpha=_tvalpha=_tvbeta=_rweights=	Precision	0.000386196085491771
UserKNN_nn=100_sim=cosine_imp=standard_bin=False_shrink=0_norm=True_asymalpha=_tvalpha=_tvbeta=_rweights=	AttributeUserKNN_nn=100_sim=correlation_profile=binary_bin=False_load=ItemAttributes	Precision	0.000386196085491771
AttributeUserKNN_nn=100_sim=correlation_profile=binary_bin=False_load=ItemAttributes	UserKNN_nn=100_sim=cosine_imp=standard_bin=False_shrink=0_norm=True_asymalpha=_tvalpha=_tvbeta=_rweights=	nDCGRendle2020	3.418786671612187e-05
UserKNN_nn=100_sim=cosine_imp=standard_bin=False_shrink=0_norm=True_asymalpha=_tvalpha=_tvbeta=_rweights=	AttributeUserKNN_nn=100_sim=correlation_profile=binary_bin=False_load=ItemAttributes	nDCGRendle2020	3.418786671612187e-05
AttributeUserKNN_nn=100_sim=correlation_profile=binary_bin=False_load=ItemAttributes	UserKNN_nn=100_sim=cosine_imp=standard_bin=False_shrink=0_norm=True_asymalpha=_tvalpha=_tvbeta=_rweights=	HR	0.0003645071562425882
UserKNN_nn=100_sim=cosine_imp=standard_bin=False_shrink=0_norm=True_asymalpha=_tvalpha=_tvbeta=_rweights=	AttributeUserKNN_nn=100_sim=correlation_profile=binary_bin=False_load=ItemAttributes	HR	0.0003645071562425882
AttributeUserKNN_nn=100_sim=correlation_profile=binary_bin=False_load=ItemAttributes	UserKNN_nn=100_sim=cosine_imp=standard_bin=False_shrink=0_norm=True_asymalpha=_tvalpha=_tvbeta=_rweights=	F1	0.0006039121366218157
UserKNN_nn=100_sim=cosine_imp=standard_bin=False_shrink=0_norm=True_asymalpha=_tvalpha=_tvbeta=_rweights=	AttributeUserKNN_nn=100_sim=correlation_profile=binary_bin=False_load=ItemAttributes	F1	0.0006039121366218157
AttributeUserKNN_nn=100_sim=correlation_profile=binary_bin=False_load=ItemAttributes	UserKNN_nn=100_sim=cosine_imp=standard_bin=False_shrink=0_norm=True_asymalpha=_tvalpha=_tvbeta=_rweights=	MAP	0.009775097247679845
UserKNN_nn=100_sim=cosine_imp=standard_bin=False_shrink=0_norm=True_asymalpha=_tvalpha=_tvbeta=_rweights=	AttributeUserKNN_nn=100_sim=correlation_profile=binary_bin=False_load=ItemAttributes	MAP	0.009775097247679845
AttributeUserKNN_nn=100_sim=correlation_profile=binary_bin=False_load=ItemAttributes	UserKNN_nn=100_sim=cosine_imp=standard_bin=False_shrink=0_norm=True_asymalpha=_tvalpha=_tvbeta=_rweights=	MAR	0.021076851848548506
UserKNN_nn=100_sim=cosine_imp=standard_bin=False_shrink=0_norm=True_asymalpha=_tvalpha=_tvbeta=_rweights=	AttributeUserKNN_nn=100_sim=correlation_profile=binary_bin=False_load=ItemAttributes	MAR	0.021076851848548506
AttributeUserKNN_nn=100_sim=correlation_profile=binary_bin=False_load=ItemAttributes	UserKNN_nn=100_sim=cosine_imp=standard_bin=False_shrink=0_norm=True_asymalpha=_tvalpha=_tvbeta=_rweights=	MRR	0.006134391777920717
UserKNN_nn=100_sim=cosine_imp=standard_bin=False_shrink=0_norm=True_asymalpha=_tvalpha=_tvbeta=_rweights=	AttributeUserKNN_nn=100_sim=correlation_profile=binary_bin=False_load=ItemAttributes	MRR	0.006134391777920717
AttributeUserKNN_nn=100_sim=correlation_profile=binary_bin=False_load=ItemAttributes	UserKNN_nn=100_sim=cosine_imp=standard_bin=False_shrink=0_norm=True_asymalpha=_tvalpha=_tvbeta=_rweights=	ACLT	1.9377705164538178e-74
UserKNN_nn=100_sim=cosine_imp=standard_bin=False_shrink=0_norm=True_asymalpha=_tvalpha=_tvbeta=_rweights=	AttributeUserKNN_nn=100_sim=correlation_profile=binary_bin=False_load=ItemAttributes	ACLT	1.9377705164538178e-74
AttributeUserKNN_nn=100_sim=correlation_profile=binary_bin=False_load=ItemAttributes	UserKNN_nn=100_sim=cosine_imp=standard_bin=False_shrink=0_norm=True_asymalpha=_tvalpha=_tvbeta=_rweights=	APLT	2.7875001196405745e-74
UserKNN_nn=100_sim=cosine_imp=standard_bin=False_shrink=0_norm=True_asymalpha=_tvalpha=_tvbeta=_rweights=	AttributeUserKNN_nn=100_sim=correlation_profile=binary_bin=False_load=ItemAttributes	APLT	2.7875001196405745e-74
AttributeUserKNN_nn=100_sim=correlation_profile=binary_bin=False_load=ItemAttributes	UserKNN_nn=100_sim=cosine_imp=standard_bin=False_shrink=0_norm=True_asymalpha=_tvalpha=_tvbeta=_rweights=	ARP	9.46708917719546e-81
UserKNN_nn=100_sim=cosine_imp=standard_bin=False_shrink=0_norm=True_asymalpha=_tvalpha=_tvbeta=_rweights=	AttributeUserKNN_nn=100_sim=correlation_profile=binary_bin=False_load=ItemAttributes	ARP	9.46708917719546e-81
AttributeUserKNN_nn=100_sim=correlation_profile=binary_bin=False_load=ItemAttributes	UserKNN_nn=100_sim=cosine_imp=standard_bin=False_shrink=0_norm=True_asymalpha=_tvalpha=_tvbeta=_rweights=	EFD	0.0014097659316552546
UserKNN_nn=100_sim=cosine_imp=standard_bin=False_shrink=0_norm=True_asymalpha=_tvalpha=_tvbeta=_rweights=	AttributeUserKNN_nn=100_sim=correlation_profile=binary_bin=False_load=ItemAttributes	EFD	0.0014097659316552546
AttributeUserKNN_nn=100_sim=correlation_profile=binary_bin=False_load=ItemAttributes	UserKNN_nn=100_sim=cosine_imp=standard_bin=False_shrink=0_norm=True_asymalpha=_tvalpha=_tvbeta=_rweights=	EPC	0.000158253272595181
UserKNN_nn=100_sim=cosine_imp=standard_bin=False_shrink=0_norm=True_asymalpha=_tvalpha=_tvbeta=_rweights=	AttributeUserKNN_nn=100_sim=correlation_profile=binary_bin=False_load=ItemAttributes	EPC	0.000158253272595181
AttributeUserKNN_nn=100_sim=correlation_profile=binary_bin=False_load=ItemAttributes	EASER_neighborhood=1507_l2_norm=28754079$46612463	nDCG	0.443710717672987
EASER_neighborhood=1507_l2_norm=28754079$46612463	AttributeUserKNN_nn=100_sim=correlation_profile=binary_bin=False_load=ItemAttributes	nDCG	0.443710717672987
AttributeUserKNN_nn=100_sim=correlation_profile=binary_bin=False_load=ItemAttributes	EASER_neighborhood=1507_l2_norm=28754079$46612463	Recall	0.11075852007610207
EASER_neighborhood=1507_l2_norm=28754079$46612463	AttributeUserKNN_nn=100_sim=correlation_profile=binary_bin=False_load=ItemAttributes	Recall	0.11075852007610207
AttributeUserKNN_nn=100_sim=correlation_profile=binary_bin=False_load=ItemAttributes	EASER_neighborhood=1507_l2_norm=28754079$46612463	Precision	0.0901358284219186
EASER_neighborhood=1507_l2_norm=28754079$46612463	AttributeUserKNN_nn=100_sim=correlation_profile=binary_bin=False_load=ItemAttributes	Precision	0.0901358284219186
AttributeUserKNN_nn=100_sim=correlation_profile=binary_bin=False_load=ItemAttributes	EASER_neighborhood=1507_l2_norm=28754079$46612463	nDCGRendle2020	0.3199671214153934
EASER_neighborhood=1507_l2_norm=28754079$46612463	AttributeUserKNN_nn=100_sim=correlation_profile=binary_bin=False_load=ItemAttributes	nDCGRendle2020	0.3199671214153934
AttributeUserKNN_nn=100_sim=correlation_profile=binary_bin=False_load=ItemAttributes	EASER_neighborhood=1507_l2_norm=28754079$46612463	HR	0.12837877285143115
EASER_neighborhood=1507_l2_norm=28754079$46612463	AttributeUserKNN_nn=100_sim=correlation_profile=binary_bin=False_load=ItemAttributes	HR	0.12837877285143115
AttributeUserKNN_nn=100_sim=correlation_profile=binary_bin=False_load=ItemAttributes	EASER_neighborhood=1507_l2_norm=28754079$46612463	F1	0.03814801422638689
EASER_neighborhood=1507_l2_norm=28754079$46612463	AttributeUserKNN_nn=100_sim=correlation_profile=binary_bin=False_load=ItemAttributes	F1	0.03814801422638689
AttributeUserKNN_nn=100_sim=correlation_profile=binary_bin=False_load=ItemAttributes	EASER_neighborhood=1507_l2_norm=28754079$46612463	MAP	0.9864654686956404
EASER_neighborhood=1507_l2_norm=28754079$46612463	AttributeUserKNN_nn=100_sim=correlation_profile=binary_bin=False_load=ItemAttributes	MAP	0.9864654686956404
AttributeUserKNN_nn=100_sim=correlation_profile=binary_bin=False_load=ItemAttributes	EASER_neighborhood=1507_l2_norm=28754079$46612463	MAR	0.7504930476671934
EASER_neighborhood=1507_l2_norm=28754079$46612463	AttributeUserKNN_nn=100_sim=correlation_profile=binary_bin=False_load=ItemAttributes	MAR	0.7504930476671934
AttributeUserKNN_nn=100_sim=correlation_profile=binary_bin=False_load=ItemAttributes	EASER_neighborhood=1507_l2_norm=28754079$46612463	MRR	0.34838050301401524
EASER_neighborhood=1507_l2_norm=28754079$46612463	AttributeUserKNN_nn=100_sim=correlation_profile=binary_bin=False_load=ItemAttributes	MRR	0.34838050301401524
AttributeUserKNN_nn=100_sim=correlation_profile=binary_bin=False_load=ItemAttributes	EASER_neighborhood=1507_l2_norm=28754079$46612463	ACLT	1.0978442583608442e-82
EASER_neighborhood=1507_l2_norm=28754079$46612463	AttributeUserKNN_nn=100_sim=correlation_profile=binary_bin=False_load=ItemAttributes	ACLT	1.0978442583608442e-82
AttributeUserKNN_nn=100_sim=correlation_profile=binary_bin=False_load=ItemAttributes	EASER_neighborhood=1507_l2_norm=28754079$46612463	APLT	1.1386273952074598e-82
EASER_neighborhood=1507_l2_norm=28754079$46612463	AttributeUserKNN_nn=100_sim=correlation_profile=binary_bin=False_load=ItemAttributes	APLT	1.1386273952074598e-82
AttributeUserKNN_nn=100_sim=correlation_profile=binary_bin=False_load=ItemAttributes	EASER_neighborhood=1507_l2_norm=28754079$46612463	ARP	8.288056915899435e-83
EASER_neighborhood=1507_l2_norm=28754079$46612463	AttributeUserKNN_nn=100_sim=correlation_profile=binary_bin=False_load=ItemAttributes	ARP	8.288056915899435e-83
AttributeUserKNN_nn=100_sim=correlation_profile=binary_bin=False_load=ItemAttributes	EASER_neighborhood=1507_l2_norm=28754079$46612463	EFD	0.0010242329133504906
EASER_neighborhood=1507_l2_norm=28754079$46612463	AttributeUserKNN_nn=100_sim=correlation_profile=binary_bin=False_load=ItemAttributes	EFD	0.0010242329133504906
AttributeUserKNN_nn=100_sim=correlation_profile=binary_bin=False_load=ItemAttributes	EASER_neighborhood=1507_l2_norm=28754079$46612463	EPC	0.076317874184028
EASER_neighborhood=1507_l2_norm=28754079$46612463	AttributeUserKNN_nn=100_sim=correlation_profile=binary_bin=False_load=ItemAttributes	EPC	0.076317874184028
AttributeUserKNN_nn=100_sim=correlation_profile=binary_bin=False_load=ItemAttributes	VSM_sim=cosine_up=tfidf_ip=binary_load=ItemAttributes	nDCG	0.012592309356362581
VSM_sim=cosine_up=tfidf_ip=binary_load=ItemAttributes	AttributeUserKNN_nn=100_sim=correlation_profile=binary_bin=False_load=ItemAttributes	nDCG	0.012592309356362581
AttributeUserKNN_nn=100_sim=correlation_profile=binary_bin=False_load=ItemAttributes	VSM_sim=cosine_up=tfidf_ip=binary_load=ItemAttributes	Recall	0.032219298950692615
VSM_sim=cosine_up=tfidf_ip=binary_load=ItemAttributes	AttributeUserKNN_nn=100_sim=correlation_profile=binary_bin=False_load=ItemAttributes	Recall	0.032219298950692615
AttributeUserKNN_nn=100_sim=correlation_profile=binary_bin=False_load=ItemAttributes	VSM_sim=cosine_up=tfidf_ip=binary_load=ItemAttributes	Precision	0.0775955464390801
VSM_sim=cosine_up=tfidf_ip=binary_load=ItemAttributes	AttributeUserKNN_nn=100_sim=correlation_profile=binary_bin=False_load=ItemAttributes	Precision	0.0775955464390801
AttributeUserKNN_nn=100_sim=correlation_profile=binary_bin=False_load=ItemAttributes	VSM_sim=cosine_up=tfidf_ip=binary_load=ItemAttributes	nDCGRendle2020	0.04313444074389241
VSM_sim=cosine_up=tfidf_ip=binary_load=ItemAttributes	AttributeUserKNN_nn=100_sim=correlation_profile=binary_bin=False_load=ItemAttributes	nDCGRendle2020	0.04313444074389241
AttributeUserKNN_nn=100_sim=correlation_profile=binary_bin=False_load=ItemAttributes	VSM_sim=cosine_up=tfidf_ip=binary_load=ItemAttributes	HR	0.000563391290260751
VSM_sim=cosine_up=tfidf_ip=binary_load=ItemAttributes	AttributeUserKNN_nn=100_sim=correlation_profile=binary_bin=False_load=ItemAttributes	HR	0.000563391290260751
AttributeUserKNN_nn=100_sim=correlation_profile=binary_bin=False_load=ItemAttributes	VSM_sim=cosine_up=tfidf_ip=binary_load=ItemAttributes	F1	0.04744694787415737
VSM_sim=cosine_up=tfidf_ip=binary_load=ItemAttributes	AttributeUserKNN_nn=100_sim=correlation_profile=binary_bin=False_load=ItemAttributes	F1	0.04744694787415737
AttributeUserKNN_nn=100_sim=correlation_profile=binary_bin=False_load=ItemAttributes	VSM_sim=cosine_up=tfidf_ip=binary_load=ItemAttributes	MAP	0.17712799218098052
VSM_sim=cosine_up=tfidf_ip=binary_load=ItemAttributes	AttributeUserKNN_nn=100_sim=correlation_profile=binary_bin=False_load=ItemAttributes	MAP	0.17712799218098052
AttributeUserKNN_nn=100_sim=correlation_profile=binary_bin=False_load=ItemAttributes	VSM_sim=cosine_up=tfidf_ip=binary_load=ItemAttributes	MAR	0.15284205948844504
VSM_sim=cosine_up=tfidf_ip=binary_load=ItemAttributes	AttributeUserKNN_nn=100_sim=correlation_profile=binary_bin=False_load=ItemAttributes	MAR	0.15284205948844504
AttributeUserKNN_nn=100_sim=correlation_profile=binary_bin=False_load=ItemAttributes	VSM_sim=cosine_up=tfidf_ip=binary_load=ItemAttributes	MRR	0.04318458119238575
VSM_sim=cosine_up=tfidf_ip=binary_load=ItemAttributes	AttributeUserKNN_nn=100_sim=correlation_profile=binary_bin=False_load=ItemAttributes	MRR	0.04318458119238575
AttributeUserKNN_nn=100_sim=correlation_profile=binary_bin=False_load=ItemAttributes	VSM_sim=cosine_up=tfidf_ip=binary_load=ItemAttributes	ACLT	6.228569066295282e-74
VSM_sim=cosine_up=tfidf_ip=binary_load=ItemAttributes	AttributeUserKNN_nn=100_sim=correlation_profile=binary_bin=False_load=ItemAttributes	ACLT	6.228569066295282e-74
AttributeUserKNN_nn=100_sim=correlation_profile=binary_bin=False_load=ItemAttributes	VSM_sim=cosine_up=tfidf_ip=binary_load=ItemAttributes	APLT	5.1562308434027565e-74
VSM_sim=cosine_up=tfidf_ip=binary_load=ItemAttributes	AttributeUserKNN_nn=100_sim=correlation_profile=binary_bin=False_load=ItemAttributes	APLT	5.1562308434027565e-74
AttributeUserKNN_nn=100_sim=correlation_profile=binary_bin=False_load=ItemAttributes	VSM_sim=cosine_up=tfidf_ip=binary_load=ItemAttributes	ARP	8.116590571617808e-82
VSM_sim=cosine_up=tfidf_ip=binary_load=ItemAttributes	AttributeUserKNN_nn=100_sim=correlation_profile=binary_bin=False_load=ItemAttributes	ARP	8.116590571617808e-82
AttributeUserKNN_nn=100_sim=correlation_profile=binary_bin=False_load=ItemAttributes	VSM_sim=cosine_up=tfidf_ip=binary_load=ItemAttributes	EFD	0.40035117680462096
VSM_sim=cosine_up=tfidf_ip=binary_load=ItemAttributes	AttributeUserKNN_nn=100_sim=correlation_profile=binary_bin=False_load=ItemAttributes	EFD	0.40035117680462096
AttributeUserKNN_nn=100_sim=correlation_profile=binary_bin=False_load=ItemAttributes	VSM_sim=cosine_up=tfidf_ip=binary_load=ItemAttributes	EPC	0.14085983404079572
VSM_sim=cosine_up=tfidf_ip=binary_load=ItemAttributes	AttributeUserKNN_nn=100_sim=correlation_profile=binary_bin=False_load=ItemAttributes	EPC	0.14085983404079572
AttributeUserKNN_nn=100_sim=correlation_profile=binary_bin=False_load=ItemAttributes	Random_seed=42	nDCG	3.8705587921459944e-59
Random_seed=42	AttributeUserKNN_nn=100_sim=correlation_profile=binary_bin=False_load=ItemAttributes	nDCG	3.8705587921459944e-59
AttributeUserKNN_nn=100_sim=correlation_profile=binary_bin=False_load=ItemAttributes	Random_seed=42	Recall	3.2637196770790167e-62
Random_seed=42	AttributeUserKNN_nn=100_sim=correlation_profile=binary_bin=False_load=ItemAttributes	Recall	3.2637196770790167e-62
AttributeUserKNN_nn=100_sim=correlation_profile=binary_bin=False_load=ItemAttributes	Random_seed=42	Precision	6.44673596706872e-64
Random_seed=42	AttributeUserKNN_nn=100_sim=correlation_profile=binary_bin=False_load=ItemAttributes	Precision	6.44673596706872e-64
AttributeUserKNN_nn=100_sim=correlation_profile=binary_bin=False_load=ItemAttributes	Random_seed=42	nDCGRendle2020	5.239000883629476e-62
Random_seed=42	AttributeUserKNN_nn=100_sim=correlation_profile=binary_bin=False_load=ItemAttributes	nDCGRendle2020	5.239000883629476e-62
AttributeUserKNN_nn=100_sim=correlation_profile=binary_bin=False_load=ItemAttributes	Random_seed=42	HR	6.893719289935751e-67
Random_seed=42	AttributeUserKNN_nn=100_sim=correlation_profile=binary_bin=False_load=ItemAttributes	HR	6.893719289935751e-67
AttributeUserKNN_nn=100_sim=correlation_profile=binary_bin=False_load=ItemAttributes	Random_seed=42	F1	1.3581514395535294e-62
Random_seed=42	AttributeUserKNN_nn=100_sim=correlation_profile=binary_bin=False_load=ItemAttributes	F1	1.3581514395535294e-62
AttributeUserKNN_nn=100_sim=correlation_profile=binary_bin=False_load=ItemAttributes	Random_seed=42	MAP	4.487745298713848e-50
Random_seed=42	AttributeUserKNN_nn=100_sim=correlation_profile=binary_bin=False_load=ItemAttributes	MAP	4.487745298713848e-50
AttributeUserKNN_nn=100_sim=correlation_profile=binary_bin=False_load=ItemAttributes	Random_seed=42	MAR	5.274304589621677e-53
Random_seed=42	AttributeUserKNN_nn=100_sim=correlation_profile=binary_bin=False_load=ItemAttributes	MAR	5.274304589621677e-53
AttributeUserKNN_nn=100_sim=correlation_profile=binary_bin=False_load=ItemAttributes	Random_seed=42	MRR	2.677417792822134e-48
Random_seed=42	AttributeUserKNN_nn=100_sim=correlation_profile=binary_bin=False_load=ItemAttributes	MRR	2.677417792822134e-48
AttributeUserKNN_nn=100_sim=correlation_profile=binary_bin=False_load=ItemAttributes	Random_seed=42	ACLT	3.8480472644391676e-63
Random_seed=42	AttributeUserKNN_nn=100_sim=correlation_profile=binary_bin=False_load=ItemAttributes	ACLT	3.8480472644391676e-63
AttributeUserKNN_nn=100_sim=correlation_profile=binary_bin=False_load=ItemAttributes	Random_seed=42	APLT	4.431130418944667e-63
Random_seed=42	AttributeUserKNN_nn=100_sim=correlation_profile=binary_bin=False_load=ItemAttributes	APLT	4.431130418944667e-63
AttributeUserKNN_nn=100_sim=correlation_profile=binary_bin=False_load=ItemAttributes	Random_seed=42	ARP	4.693661319454129e-65
Random_seed=42	AttributeUserKNN_nn=100_sim=correlation_profile=binary_bin=False_load=ItemAttributes	ARP	4.693661319454129e-65
AttributeUserKNN_nn=100_sim=correlation_profile=binary_bin=False_load=ItemAttributes	Random_seed=42	EFD	3.2549478435641697e-62
Random_seed=42	AttributeUserKNN_nn=100_sim=correlation_profile=binary_bin=False_load=ItemAttributes	EFD	3.2549478435641697e-62
AttributeUserKNN_nn=100_sim=correlation_profile=binary_bin=False_load=ItemAttributes	Random_seed=42	EPC	1.6954831222857347e-62
Random_seed=42	AttributeUserKNN_nn=100_sim=correlation_profile=binary_bin=False_load=ItemAttributes	EPC	1.6954831222857347e-62
AttributeUserKNN_nn=100_sim=correlation_profile=binary_bin=False_load=ItemAttributes	AttributeItemKNN_nn=40_sim=correlation_bin=False_load=ItemAttributes	nDCG	0.004570092021099939
AttributeItemKNN_nn=40_sim=correlation_bin=False_load=ItemAttributes	AttributeUserKNN_nn=100_sim=correlation_profile=binary_bin=False_load=ItemAttributes	nDCG	0.004570092021099939
AttributeUserKNN_nn=100_sim=correlation_profile=binary_bin=False_load=ItemAttributes	AttributeItemKNN_nn=40_sim=correlation_bin=False_load=ItemAttributes	Recall	0.00033497944663179183
AttributeItemKNN_nn=40_sim=correlation_bin=False_load=ItemAttributes	AttributeUserKNN_nn=100_sim=correlation_profile=binary_bin=False_load=ItemAttributes	Recall	0.00033497944663179183
AttributeUserKNN_nn=100_sim=correlation_profile=binary_bin=False_load=ItemAttributes	AttributeItemKNN_nn=40_sim=correlation_bin=False_load=ItemAttributes	Precision	0.00036770622956673295
AttributeItemKNN_nn=40_sim=correlation_bin=False_load=ItemAttributes	AttributeUserKNN_nn=100_sim=correlation_profile=binary_bin=False_load=ItemAttributes	Precision	0.00036770622956673295
AttributeUserKNN_nn=100_sim=correlation_profile=binary_bin=False_load=ItemAttributes	AttributeItemKNN_nn=40_sim=correlation_bin=False_load=ItemAttributes	nDCGRendle2020	0.011882030298594493
AttributeItemKNN_nn=40_sim=correlation_bin=False_load=ItemAttributes	AttributeUserKNN_nn=100_sim=correlation_profile=binary_bin=False_load=ItemAttributes	nDCGRendle2020	0.011882030298594493
AttributeUserKNN_nn=100_sim=correlation_profile=binary_bin=False_load=ItemAttributes	AttributeItemKNN_nn=40_sim=correlation_bin=False_load=ItemAttributes	HR	0.05220363534131463
AttributeItemKNN_nn=40_sim=correlation_bin=False_load=ItemAttributes	AttributeUserKNN_nn=100_sim=correlation_profile=binary_bin=False_load=ItemAttributes	HR	0.05220363534131463
AttributeUserKNN_nn=100_sim=correlation_profile=binary_bin=False_load=ItemAttributes	AttributeItemKNN_nn=40_sim=correlation_bin=False_load=ItemAttributes	F1	0.0007481746482297825
AttributeItemKNN_nn=40_sim=correlation_bin=False_load=ItemAttributes	AttributeUserKNN_nn=100_sim=correlation_profile=binary_bin=False_load=ItemAttributes	F1	0.0007481746482297825
AttributeUserKNN_nn=100_sim=correlation_profile=binary_bin=False_load=ItemAttributes	AttributeItemKNN_nn=40_sim=correlation_bin=False_load=ItemAttributes	MAP	0.6272321576527732
AttributeItemKNN_nn=40_sim=correlation_bin=False_load=ItemAttributes	AttributeUserKNN_nn=100_sim=correlation_profile=binary_bin=False_load=ItemAttributes	MAP	0.6272321576527732
AttributeUserKNN_nn=100_sim=correlation_profile=binary_bin=False_load=ItemAttributes	AttributeItemKNN_nn=40_sim=correlation_bin=False_load=ItemAttributes	MAR	0.19498963317935503
AttributeItemKNN_nn=40_sim=correlation_bin=False_load=ItemAttributes	AttributeUserKNN_nn=100_sim=correlation_profile=binary_bin=False_load=ItemAttributes	MAR	0.19498963317935503
AttributeUserKNN_nn=100_sim=correlation_profile=binary_bin=False_load=ItemAttributes	AttributeItemKNN_nn=40_sim=correlation_bin=False_load=ItemAttributes	MRR	0.9948591693505917
AttributeItemKNN_nn=40_sim=correlation_bin=False_load=ItemAttributes	AttributeUserKNN_nn=100_sim=correlation_profile=binary_bin=False_load=ItemAttributes	MRR	0.9948591693505917
AttributeUserKNN_nn=100_sim=correlation_profile=binary_bin=False_load=ItemAttributes	AttributeItemKNN_nn=40_sim=correlation_bin=False_load=ItemAttributes	ACLT	9.936504633596353e-41
AttributeItemKNN_nn=40_sim=correlation_bin=False_load=ItemAttributes	AttributeUserKNN_nn=100_sim=correlation_profile=binary_bin=False_load=ItemAttributes	ACLT	9.936504633596353e-41
AttributeUserKNN_nn=100_sim=correlation_profile=binary_bin=False_load=ItemAttributes	AttributeItemKNN_nn=40_sim=correlation_bin=False_load=ItemAttributes	APLT	1.3441099568803318e-40
AttributeItemKNN_nn=40_sim=correlation_bin=False_load=ItemAttributes	AttributeUserKNN_nn=100_sim=correlation_profile=binary_bin=False_load=ItemAttributes	APLT	1.3441099568803318e-40
AttributeUserKNN_nn=100_sim=correlation_profile=binary_bin=False_load=ItemAttributes	AttributeItemKNN_nn=40_sim=correlation_bin=False_load=ItemAttributes	ARP	7.085018279087118e-17
AttributeItemKNN_nn=40_sim=correlation_bin=False_load=ItemAttributes	AttributeUserKNN_nn=100_sim=correlation_profile=binary_bin=False_load=ItemAttributes	ARP	7.085018279087118e-17
AttributeUserKNN_nn=100_sim=correlation_profile=binary_bin=False_load=ItemAttributes	AttributeItemKNN_nn=40_sim=correlation_bin=False_load=ItemAttributes	EFD	0.0019356871397602246
AttributeItemKNN_nn=40_sim=correlation_bin=False_load=ItemAttributes	AttributeUserKNN_nn=100_sim=correlation_profile=binary_bin=False_load=ItemAttributes	EFD	0.0019356871397602246
AttributeUserKNN_nn=100_sim=correlation_profile=binary_bin=False_load=ItemAttributes	AttributeItemKNN_nn=40_sim=correlation_bin=False_load=ItemAttributes	EPC	0.010065833488657064
AttributeItemKNN_nn=40_sim=correlation_bin=False_load=ItemAttributes	AttributeUserKNN_nn=100_sim=correlation_profile=binary_bin=False_load=ItemAttributes	EPC	0.010065833488657064
AttributeUserKNN_nn=100_sim=correlation_profile=binary_bin=False_load=ItemAttributes	ItemKNN_nn=100_sim=cosine_imp=standard_bin=False_shrink=0_norm=True_asymalpha=_tvalpha=_tvbeta=_rweights=	nDCG	3.32012731701455e-08
ItemKNN_nn=100_sim=cosine_imp=standard_bin=False_shrink=0_norm=True_asymalpha=_tvalpha=_tvbeta=_rweights=	AttributeUserKNN_nn=100_sim=correlation_profile=binary_bin=False_load=ItemAttributes	nDCG	3.32012731701455e-08
AttributeUserKNN_nn=100_sim=correlation_profile=binary_bin=False_load=ItemAttributes	ItemKNN_nn=100_sim=cosine_imp=standard_bin=False_shrink=0_norm=True_asymalpha=_tvalpha=_tvbeta=_rweights=	Recall	7.099981799986777e-12
ItemKNN_nn=100_sim=cosine_imp=standard_bin=False_shrink=0_norm=True_asymalpha=_tvalpha=_tvbeta=_rweights=	AttributeUserKNN_nn=100_sim=correlation_profile=binary_bin=False_load=ItemAttributes	Recall	7.099981799986777e-12
AttributeUserKNN_nn=100_sim=correlation_profile=binary_bin=False_load=ItemAttributes	ItemKNN_nn=100_sim=cosine_imp=standard_bin=False_shrink=0_norm=True_asymalpha=_tvalpha=_tvbeta=_rweights=	Precision	6.733525028581026e-12
ItemKNN_nn=100_sim=cosine_imp=standard_bin=False_shrink=0_norm=True_asymalpha=_tvalpha=_tvbeta=_rweights=	AttributeUserKNN_nn=100_sim=correlation_profile=binary_bin=False_load=ItemAttributes	Precision	6.733525028581026e-12
AttributeUserKNN_nn=100_sim=correlation_profile=binary_bin=False_load=ItemAttributes	ItemKNN_nn=100_sim=cosine_imp=standard_bin=False_shrink=0_norm=True_asymalpha=_tvalpha=_tvbeta=_rweights=	nDCGRendle2020	5.2075979425485963e-08
ItemKNN_nn=100_sim=cosine_imp=standard_bin=False_shrink=0_norm=True_asymalpha=_tvalpha=_tvbeta=_rweights=	AttributeUserKNN_nn=100_sim=correlation_profile=binary_bin=False_load=ItemAttributes	nDCGRendle2020	5.2075979425485963e-08
AttributeUserKNN_nn=100_sim=correlation_profile=binary_bin=False_load=ItemAttributes	ItemKNN_nn=100_sim=cosine_imp=standard_bin=False_shrink=0_norm=True_asymalpha=_tvalpha=_tvbeta=_rweights=	HR	1.4778159579492307e-05
ItemKNN_nn=100_sim=cosine_imp=standard_bin=False_shrink=0_norm=True_asymalpha=_tvalpha=_tvbeta=_rweights=	AttributeUserKNN_nn=100_sim=correlation_profile=binary_bin=False_load=ItemAttributes	HR	1.4778159579492307e-05
AttributeUserKNN_nn=100_sim=correlation_profile=binary_bin=False_load=ItemAttributes	ItemKNN_nn=100_sim=cosine_imp=standard_bin=False_shrink=0_norm=True_asymalpha=_tvalpha=_tvbeta=_rweights=	F1	3.340069340167901e-11
ItemKNN_nn=100_sim=cosine_imp=standard_bin=False_shrink=0_norm=True_asymalpha=_tvalpha=_tvbeta=_rweights=	AttributeUserKNN_nn=100_sim=correlation_profile=binary_bin=False_load=ItemAttributes	F1	3.340069340167901e-11
AttributeUserKNN_nn=100_sim=correlation_profile=binary_bin=False_load=ItemAttributes	ItemKNN_nn=100_sim=cosine_imp=standard_bin=False_shrink=0_norm=True_asymalpha=_tvalpha=_tvbeta=_rweights=	MAP	0.02631671088614022
ItemKNN_nn=100_sim=cosine_imp=standard_bin=False_shrink=0_norm=True_asymalpha=_tvalpha=_tvbeta=_rweights=	AttributeUserKNN_nn=100_sim=correlation_profile=binary_bin=False_load=ItemAttributes	MAP	0.02631671088614022
AttributeUserKNN_nn=100_sim=correlation_profile=binary_bin=False_load=ItemAttributes	ItemKNN_nn=100_sim=cosine_imp=standard_bin=False_shrink=0_norm=True_asymalpha=_tvalpha=_tvbeta=_rweights=	MAR	0.0038161139042416146
ItemKNN_nn=100_sim=cosine_imp=standard_bin=False_shrink=0_norm=True_asymalpha=_tvalpha=_tvbeta=_rweights=	AttributeUserKNN_nn=100_sim=correlation_profile=binary_bin=False_load=ItemAttributes	MAR	0.0038161139042416146
AttributeUserKNN_nn=100_sim=correlation_profile=binary_bin=False_load=ItemAttributes	ItemKNN_nn=100_sim=cosine_imp=standard_bin=False_shrink=0_norm=True_asymalpha=_tvalpha=_tvbeta=_rweights=	MRR	0.04992604009892526
ItemKNN_nn=100_sim=cosine_imp=standard_bin=False_shrink=0_norm=True_asymalpha=_tvalpha=_tvbeta=_rweights=	AttributeUserKNN_nn=100_sim=correlation_profile=binary_bin=False_load=ItemAttributes	MRR	0.04992604009892526
AttributeUserKNN_nn=100_sim=correlation_profile=binary_bin=False_load=ItemAttributes	ItemKNN_nn=100_sim=cosine_imp=standard_bin=False_shrink=0_norm=True_asymalpha=_tvalpha=_tvbeta=_rweights=	ACLT	2.4029304295792105e-06
ItemKNN_nn=100_sim=cosine_imp=standard_bin=False_shrink=0_norm=True_asymalpha=_tvalpha=_tvbeta=_rweights=	AttributeUserKNN_nn=100_sim=correlation_profile=binary_bin=False_load=ItemAttributes	ACLT	2.4029304295792105e-06
AttributeUserKNN_nn=100_sim=correlation_profile=binary_bin=False_load=ItemAttributes	ItemKNN_nn=100_sim=cosine_imp=standard_bin=False_shrink=0_norm=True_asymalpha=_tvalpha=_tvbeta=_rweights=	APLT	2.6464144299600038e-06
ItemKNN_nn=100_sim=cosine_imp=standard_bin=False_shrink=0_norm=True_asymalpha=_tvalpha=_tvbeta=_rweights=	AttributeUserKNN_nn=100_sim=correlation_profile=binary_bin=False_load=ItemAttributes	APLT	2.6464144299600038e-06
AttributeUserKNN_nn=100_sim=correlation_profile=binary_bin=False_load=ItemAttributes	ItemKNN_nn=100_sim=cosine_imp=standard_bin=False_shrink=0_norm=True_asymalpha=_tvalpha=_tvbeta=_rweights=	ARP	0.47899982177537614
ItemKNN_nn=100_sim=cosine_imp=standard_bin=False_shrink=0_norm=True_asymalpha=_tvalpha=_tvbeta=_rweights=	AttributeUserKNN_nn=100_sim=correlation_profile=binary_bin=False_load=ItemAttributes	ARP	0.47899982177537614
AttributeUserKNN_nn=100_sim=correlation_profile=binary_bin=False_load=ItemAttributes	ItemKNN_nn=100_sim=cosine_imp=standard_bin=False_shrink=0_norm=True_asymalpha=_tvalpha=_tvbeta=_rweights=	EFD	2.801389409271899e-08
ItemKNN_nn=100_sim=cosine_imp=standard_bin=False_shrink=0_norm=True_asymalpha=_tvalpha=_tvbeta=_rweights=	AttributeUserKNN_nn=100_sim=correlation_profile=binary_bin=False_load=ItemAttributes	EFD	2.801389409271899e-08
AttributeUserKNN_nn=100_sim=correlation_profile=binary_bin=False_load=ItemAttributes	ItemKNN_nn=100_sim=cosine_imp=standard_bin=False_shrink=0_norm=True_asymalpha=_tvalpha=_tvbeta=_rweights=	EPC	6.456926457523294e-08
ItemKNN_nn=100_sim=cosine_imp=standard_bin=False_shrink=0_norm=True_asymalpha=_tvalpha=_tvbeta=_rweights=	AttributeUserKNN_nn=100_sim=correlation_profile=binary_bin=False_load=ItemAttributes	EPC	6.456926457523294e-08
AttributeUserKNN_nn=100_sim=correlation_profile=binary_bin=False_load=ItemAttributes	RP3beta_neighborhood=507_alpha=1$0180281935718316_beta=0$41875971052261285_normalize_similarity=True	nDCG	1.2072345263474762e-13
RP3beta_neighborhood=507_alpha=1$0180281935718316_beta=0$41875971052261285_normalize_similarity=True	AttributeUserKNN_nn=100_sim=correlation_profile=binary_bin=False_load=ItemAttributes	nDCG	1.2072345263474762e-13
AttributeUserKNN_nn=100_sim=correlation_profile=binary_bin=False_load=ItemAttributes	RP3beta_neighborhood=507_alpha=1$0180281935718316_beta=0$41875971052261285_normalize_similarity=True	Recall	3.4248971257923656e-16
RP3beta_neighborhood=507_alpha=1$0180281935718316_beta=0$41875971052261285_normalize_similarity=True	AttributeUserKNN_nn=100_sim=correlation_profile=binary_bin=False_load=ItemAttributes	Recall	3.4248971257923656e-16
AttributeUserKNN_nn=100_sim=correlation_profile=binary_bin=False_load=ItemAttributes	RP3beta_neighborhood=507_alpha=1$0180281935718316_beta=0$41875971052261285_normalize_similarity=True	Precision	6.178385109114579e-18
RP3beta_neighborhood=507_alpha=1$0180281935718316_beta=0$41875971052261285_normalize_similarity=True	AttributeUserKNN_nn=100_sim=correlation_profile=binary_bin=False_load=ItemAttributes	Precision	6.178385109114579e-18
AttributeUserKNN_nn=100_sim=correlation_profile=binary_bin=False_load=ItemAttributes	RP3beta_neighborhood=507_alpha=1$0180281935718316_beta=0$41875971052261285_normalize_similarity=True	nDCGRendle2020	2.009053135475922e-12
RP3beta_neighborhood=507_alpha=1$0180281935718316_beta=0$41875971052261285_normalize_similarity=True	AttributeUserKNN_nn=100_sim=correlation_profile=binary_bin=False_load=ItemAttributes	nDCGRendle2020	2.009053135475922e-12
AttributeUserKNN_nn=100_sim=correlation_profile=binary_bin=False_load=ItemAttributes	RP3beta_neighborhood=507_alpha=1$0180281935718316_beta=0$41875971052261285_normalize_similarity=True	HR	3.0344594161766692e-09
RP3beta_neighborhood=507_alpha=1$0180281935718316_beta=0$41875971052261285_normalize_similarity=True	AttributeUserKNN_nn=100_sim=correlation_profile=binary_bin=False_load=ItemAttributes	HR	3.0344594161766692e-09
AttributeUserKNN_nn=100_sim=correlation_profile=binary_bin=False_load=ItemAttributes	RP3beta_neighborhood=507_alpha=1$0180281935718316_beta=0$41875971052261285_normalize_similarity=True	F1	4.889672948939922e-16
RP3beta_neighborhood=507_alpha=1$0180281935718316_beta=0$41875971052261285_normalize_similarity=True	AttributeUserKNN_nn=100_sim=correlation_profile=binary_bin=False_load=ItemAttributes	F1	4.889672948939922e-16
AttributeUserKNN_nn=100_sim=correlation_profile=binary_bin=False_load=ItemAttributes	RP3beta_neighborhood=507_alpha=1$0180281935718316_beta=0$41875971052261285_normalize_similarity=True	MAP	0.0009841152726159513
RP3beta_neighborhood=507_alpha=1$0180281935718316_beta=0$41875971052261285_normalize_similarity=True	AttributeUserKNN_nn=100_sim=correlation_profile=binary_bin=False_load=ItemAttributes	MAP	0.0009841152726159513
AttributeUserKNN_nn=100_sim=correlation_profile=binary_bin=False_load=ItemAttributes	RP3beta_neighborhood=507_alpha=1$0180281935718316_beta=0$41875971052261285_normalize_similarity=True	MAR	3.7328915246412796e-05
RP3beta_neighborhood=507_alpha=1$0180281935718316_beta=0$41875971052261285_normalize_similarity=True	AttributeUserKNN_nn=100_sim=correlation_profile=binary_bin=False_load=ItemAttributes	MAR	3.7328915246412796e-05
AttributeUserKNN_nn=100_sim=correlation_profile=binary_bin=False_load=ItemAttributes	RP3beta_neighborhood=507_alpha=1$0180281935718316_beta=0$41875971052261285_normalize_similarity=True	MRR	0.0017628998633661267
RP3beta_neighborhood=507_alpha=1$0180281935718316_beta=0$41875971052261285_normalize_similarity=True	AttributeUserKNN_nn=100_sim=correlation_profile=binary_bin=False_load=ItemAttributes	MRR	0.0017628998633661267
AttributeUserKNN_nn=100_sim=correlation_profile=binary_bin=False_load=ItemAttributes	RP3beta_neighborhood=507_alpha=1$0180281935718316_beta=0$41875971052261285_normalize_similarity=True	ACLT	1.5709062114389838e-47
RP3beta_neighborhood=507_alpha=1$0180281935718316_beta=0$41875971052261285_normalize_similarity=True	AttributeUserKNN_nn=100_sim=correlation_profile=binary_bin=False_load=ItemAttributes	ACLT	1.5709062114389838e-47
AttributeUserKNN_nn=100_sim=correlation_profile=binary_bin=False_load=ItemAttributes	RP3beta_neighborhood=507_alpha=1$0180281935718316_beta=0$41875971052261285_normalize_similarity=True	APLT	1.4348703796029313e-47
RP3beta_neighborhood=507_alpha=1$0180281935718316_beta=0$41875971052261285_normalize_similarity=True	AttributeUserKNN_nn=100_sim=correlation_profile=binary_bin=False_load=ItemAttributes	APLT	1.4348703796029313e-47
AttributeUserKNN_nn=100_sim=correlation_profile=binary_bin=False_load=ItemAttributes	RP3beta_neighborhood=507_alpha=1$0180281935718316_beta=0$41875971052261285_normalize_similarity=True	ARP	2.7216923255040015e-74
RP3beta_neighborhood=507_alpha=1$0180281935718316_beta=0$41875971052261285_normalize_similarity=True	AttributeUserKNN_nn=100_sim=correlation_profile=binary_bin=False_load=ItemAttributes	ARP	2.7216923255040015e-74
AttributeUserKNN_nn=100_sim=correlation_profile=binary_bin=False_load=ItemAttributes	RP3beta_neighborhood=507_alpha=1$0180281935718316_beta=0$41875971052261285_normalize_similarity=True	EFD	2.5200623936836865e-10
RP3beta_neighborhood=507_alpha=1$0180281935718316_beta=0$41875971052261285_normalize_similarity=True	AttributeUserKNN_nn=100_sim=correlation_profile=binary_bin=False_load=ItemAttributes	EFD	2.5200623936836865e-10
AttributeUserKNN_nn=100_sim=correlation_profile=binary_bin=False_load=ItemAttributes	RP3beta_neighborhood=507_alpha=1$0180281935718316_beta=0$41875971052261285_normalize_similarity=True	EPC	7.117133431738914e-12
RP3beta_neighborhood=507_alpha=1$0180281935718316_beta=0$41875971052261285_normalize_similarity=True	AttributeUserKNN_nn=100_sim=correlation_profile=binary_bin=False_load=ItemAttributes	EPC	7.117133431738914e-12
AttributeUserKNN_nn=100_sim=correlation_profile=binary_bin=False_load=ItemAttributes	MostPop	nDCG	2.6356666767969754e-29
MostPop	AttributeUserKNN_nn=100_sim=correlation_profile=binary_bin=False_load=ItemAttributes	nDCG	2.6356666767969754e-29
AttributeUserKNN_nn=100_sim=correlation_profile=binary_bin=False_load=ItemAttributes	MostPop	Recall	2.912487873001443e-35
MostPop	AttributeUserKNN_nn=100_sim=correlation_profile=binary_bin=False_load=ItemAttributes	Recall	2.912487873001443e-35
AttributeUserKNN_nn=100_sim=correlation_profile=binary_bin=False_load=ItemAttributes	MostPop	Precision	4.5014630196515516e-35
MostPop	AttributeUserKNN_nn=100_sim=correlation_profile=binary_bin=False_load=ItemAttributes	Precision	4.5014630196515516e-35
AttributeUserKNN_nn=100_sim=correlation_profile=binary_bin=False_load=ItemAttributes	MostPop	nDCGRendle2020	1.8906382957240475e-31
MostPop	AttributeUserKNN_nn=100_sim=correlation_profile=binary_bin=False_load=ItemAttributes	nDCGRendle2020	1.8906382957240475e-31
AttributeUserKNN_nn=100_sim=correlation_profile=binary_bin=False_load=ItemAttributes	MostPop	HR	7.623805583019603e-25
MostPop	AttributeUserKNN_nn=100_sim=correlation_profile=binary_bin=False_load=ItemAttributes	HR	7.623805583019603e-25
AttributeUserKNN_nn=100_sim=correlation_profile=binary_bin=False_load=ItemAttributes	MostPop	F1	2.94440558271148e-36
MostPop	AttributeUserKNN_nn=100_sim=correlation_profile=binary_bin=False_load=ItemAttributes	F1	2.94440558271148e-36
AttributeUserKNN_nn=100_sim=correlation_profile=binary_bin=False_load=ItemAttributes	MostPop	MAP	5.359117445272269e-12
MostPop	AttributeUserKNN_nn=100_sim=correlation_profile=binary_bin=False_load=ItemAttributes	MAP	5.359117445272269e-12
AttributeUserKNN_nn=100_sim=correlation_profile=binary_bin=False_load=ItemAttributes	MostPop	MAR	1.0777375104222613e-17
MostPop	AttributeUserKNN_nn=100_sim=correlation_profile=binary_bin=False_load=ItemAttributes	MAR	1.0777375104222613e-17
AttributeUserKNN_nn=100_sim=correlation_profile=binary_bin=False_load=ItemAttributes	MostPop	MRR	9.623561156022096e-11
MostPop	AttributeUserKNN_nn=100_sim=correlation_profile=binary_bin=False_load=ItemAttributes	MRR	9.623561156022096e-11
AttributeUserKNN_nn=100_sim=correlation_profile=binary_bin=False_load=ItemAttributes	MostPop	ACLT	1.1181667391236561e-82
MostPop	AttributeUserKNN_nn=100_sim=correlation_profile=binary_bin=False_load=ItemAttributes	ACLT	1.1181667391236561e-82
AttributeUserKNN_nn=100_sim=correlation_profile=binary_bin=False_load=ItemAttributes	MostPop	APLT	1.1181667391236561e-82
MostPop	AttributeUserKNN_nn=100_sim=correlation_profile=binary_bin=False_load=ItemAttributes	APLT	1.1181667391236561e-82
AttributeUserKNN_nn=100_sim=correlation_profile=binary_bin=False_load=ItemAttributes	MostPop	ARP	8.28794268141149e-83
MostPop	AttributeUserKNN_nn=100_sim=correlation_profile=binary_bin=False_load=ItemAttributes	ARP	8.28794268141149e-83
AttributeUserKNN_nn=100_sim=correlation_profile=binary_bin=False_load=ItemAttributes	MostPop	EFD	2.432622464113545e-41
MostPop	AttributeUserKNN_nn=100_sim=correlation_profile=binary_bin=False_load=ItemAttributes	EFD	2.432622464113545e-41
AttributeUserKNN_nn=100_sim=correlation_profile=binary_bin=False_load=ItemAttributes	MostPop	EPC	8.659177227301276e-35
MostPop	AttributeUserKNN_nn=100_sim=correlation_profile=binary_bin=False_load=ItemAttributes	EPC	8.659177227301276e-35
UserKNN_nn=100_sim=cosine_imp=standard_bin=False_shrink=0_norm=True_asymalpha=_tvalpha=_tvbeta=_rweights=	EASER_neighborhood=1507_l2_norm=28754079$46612463	nDCG	7.483364296512239e-07
EASER_neighborhood=1507_l2_norm=28754079$46612463	UserKNN_nn=100_sim=cosine_imp=standard_bin=False_shrink=0_norm=True_asymalpha=_tvalpha=_tvbeta=_rweights=	nDCG	7.483364296512239e-07
UserKNN_nn=100_sim=cosine_imp=standard_bin=False_shrink=0_norm=True_asymalpha=_tvalpha=_tvbeta=_rweights=	EASER_neighborhood=1507_l2_norm=28754079$46612463	Recall	1.351608312058452e-10
EASER_neighborhood=1507_l2_norm=28754079$46612463	UserKNN_nn=100_sim=cosine_imp=standard_bin=False_shrink=0_norm=True_asymalpha=_tvalpha=_tvbeta=_rweights=	Recall	1.351608312058452e-10
UserKNN_nn=100_sim=cosine_imp=standard_bin=False_shrink=0_norm=True_asymalpha=_tvalpha=_tvbeta=_rweights=	EASER_neighborhood=1507_l2_norm=28754079$46612463	Precision	4.403562892536084e-10
EASER_neighborhood=1507_l2_norm=28754079$46612463	UserKNN_nn=100_sim=cosine_imp=standard_bin=False_shrink=0_norm=True_asymalpha=_tvalpha=_tvbeta=_rweights=	Precision	4.403562892536084e-10
UserKNN_nn=100_sim=cosine_imp=standard_bin=False_shrink=0_norm=True_asymalpha=_tvalpha=_tvbeta=_rweights=	EASER_neighborhood=1507_l2_norm=28754079$46612463	nDCGRendle2020	8.535338989477124e-07
EASER_neighborhood=1507_l2_norm=28754079$46612463	UserKNN_nn=100_sim=cosine_imp=standard_bin=False_shrink=0_norm=True_asymalpha=_tvalpha=_tvbeta=_rweights=	nDCGRendle2020	8.535338989477124e-07
UserKNN_nn=100_sim=cosine_imp=standard_bin=False_shrink=0_norm=True_asymalpha=_tvalpha=_tvbeta=_rweights=	EASER_neighborhood=1507_l2_norm=28754079$46612463	HR	0.016675975260467973
EASER_neighborhood=1507_l2_norm=28754079$46612463	UserKNN_nn=100_sim=cosine_imp=standard_bin=False_shrink=0_norm=True_asymalpha=_tvalpha=_tvbeta=_rweights=	HR	0.016675975260467973
UserKNN_nn=100_sim=cosine_imp=standard_bin=False_shrink=0_norm=True_asymalpha=_tvalpha=_tvbeta=_rweights=	EASER_neighborhood=1507_l2_norm=28754079$46612463	F1	2.7034893309001085e-11
EASER_neighborhood=1507_l2_norm=28754079$46612463	UserKNN_nn=100_sim=cosine_imp=standard_bin=False_shrink=0_norm=True_asymalpha=_tvalpha=_tvbeta=_rweights=	F1	2.7034893309001085e-11
UserKNN_nn=100_sim=cosine_imp=standard_bin=False_shrink=0_norm=True_asymalpha=_tvalpha=_tvbeta=_rweights=	EASER_neighborhood=1507_l2_norm=28754079$46612463	MAP	0.026423381551396258
EASER_neighborhood=1507_l2_norm=28754079$46612463	UserKNN_nn=100_sim=cosine_imp=standard_bin=False_shrink=0_norm=True_asymalpha=_tvalpha=_tvbeta=_rweights=	MAP	0.026423381551396258
UserKNN_nn=100_sim=cosine_imp=standard_bin=False_shrink=0_norm=True_asymalpha=_tvalpha=_tvbeta=_rweights=	EASER_neighborhood=1507_l2_norm=28754079$46612463	MAR	0.026589095530745708
EASER_neighborhood=1507_l2_norm=28754079$46612463	UserKNN_nn=100_sim=cosine_imp=standard_bin=False_shrink=0_norm=True_asymalpha=_tvalpha=_tvbeta=_rweights=	MAR	0.026589095530745708
UserKNN_nn=100_sim=cosine_imp=standard_bin=False_shrink=0_norm=True_asymalpha=_tvalpha=_tvbeta=_rweights=	EASER_neighborhood=1507_l2_norm=28754079$46612463	MRR	0.05078856966214059
EASER_neighborhood=1507_l2_norm=28754079$46612463	UserKNN_nn=100_sim=cosine_imp=standard_bin=False_shrink=0_norm=True_asymalpha=_tvalpha=_tvbeta=_rweights=	MRR	0.05078856966214059
UserKNN_nn=100_sim=cosine_imp=standard_bin=False_shrink=0_norm=True_asymalpha=_tvalpha=_tvbeta=_rweights=	EASER_neighborhood=1507_l2_norm=28754079$46612463	ACLT	7.240216043911004e-76
EASER_neighborhood=1507_l2_norm=28754079$46612463	UserKNN_nn=100_sim=cosine_imp=standard_bin=False_shrink=0_norm=True_asymalpha=_tvalpha=_tvbeta=_rweights=	ACLT	7.240216043911004e-76
UserKNN_nn=100_sim=cosine_imp=standard_bin=False_shrink=0_norm=True_asymalpha=_tvalpha=_tvbeta=_rweights=	EASER_neighborhood=1507_l2_norm=28754079$46612463	APLT	7.851746351752481e-76
EASER_neighborhood=1507_l2_norm=28754079$46612463	UserKNN_nn=100_sim=cosine_imp=standard_bin=False_shrink=0_norm=True_asymalpha=_tvalpha=_tvbeta=_rweights=	APLT	7.851746351752481e-76
UserKNN_nn=100_sim=cosine_imp=standard_bin=False_shrink=0_norm=True_asymalpha=_tvalpha=_tvbeta=_rweights=	EASER_neighborhood=1507_l2_norm=28754079$46612463	ARP	8.288075955132348e-83
EASER_neighborhood=1507_l2_norm=28754079$46612463	UserKNN_nn=100_sim=cosine_imp=standard_bin=False_shrink=0_norm=True_asymalpha=_tvalpha=_tvbeta=_rweights=	ARP	8.288075955132348e-83
UserKNN_nn=100_sim=cosine_imp=standard_bin=False_shrink=0_norm=True_asymalpha=_tvalpha=_tvbeta=_rweights=	EASER_neighborhood=1507_l2_norm=28754079$46612463	EFD	1.0078833840857168e-09
EASER_neighborhood=1507_l2_norm=28754079$46612463	UserKNN_nn=100_sim=cosine_imp=standard_bin=False_shrink=0_norm=True_asymalpha=_tvalpha=_tvbeta=_rweights=	EFD	1.0078833840857168e-09
UserKNN_nn=100_sim=cosine_imp=standard_bin=False_shrink=0_norm=True_asymalpha=_tvalpha=_tvbeta=_rweights=	EASER_neighborhood=1507_l2_norm=28754079$46612463	EPC	2.210545480809583e-07
EASER_neighborhood=1507_l2_norm=28754079$46612463	UserKNN_nn=100_sim=cosine_imp=standard_bin=False_shrink=0_norm=True_asymalpha=_tvalpha=_tvbeta=_rweights=	EPC	2.210545480809583e-07
UserKNN_nn=100_sim=cosine_imp=standard_bin=False_shrink=0_norm=True_asymalpha=_tvalpha=_tvbeta=_rweights=	VSM_sim=cosine_up=tfidf_ip=binary_load=ItemAttributes	nDCG	0.20933626262156424
VSM_sim=cosine_up=tfidf_ip=binary_load=ItemAttributes	UserKNN_nn=100_sim=cosine_imp=standard_bin=False_shrink=0_norm=True_asymalpha=_tvalpha=_tvbeta=_rweights=	nDCG	0.20933626262156424
UserKNN_nn=100_sim=cosine_imp=standard_bin=False_shrink=0_norm=True_asymalpha=_tvalpha=_tvbeta=_rweights=	VSM_sim=cosine_up=tfidf_ip=binary_load=ItemAttributes	Recall	0.21181676241056446
VSM_sim=cosine_up=tfidf_ip=binary_load=ItemAttributes	UserKNN_nn=100_sim=cosine_imp=standard_bin=False_shrink=0_norm=True_asymalpha=_tvalpha=_tvbeta=_rweights=	Recall	0.21181676241056446
UserKNN_nn=100_sim=cosine_imp=standard_bin=False_shrink=0_norm=True_asymalpha=_tvalpha=_tvbeta=_rweights=	VSM_sim=cosine_up=tfidf_ip=binary_load=ItemAttributes	Precision	0.14787168723448146
VSM_sim=cosine_up=tfidf_ip=binary_load=ItemAttributes	UserKNN_nn=100_sim=cosine_imp=standard_bin=False_shrink=0_norm=True_asymalpha=_tvalpha=_tvbeta=_rweights=	Precision	0.14787168723448146
UserKNN_nn=100_sim=cosine_imp=standard_bin=False_shrink=0_norm=True_asymalpha=_tvalpha=_tvbeta=_rweights=	VSM_sim=cosine_up=tfidf_ip=binary_load=ItemAttributes	nDCGRendle2020	0.19928734589289876
VSM_sim=cosine_up=tfidf_ip=binary_load=ItemAttributes	UserKNN_nn=100_sim=cosine_imp=standard_bin=False_shrink=0_norm=True_asymalpha=_tvalpha=_tvbeta=_rweights=	nDCGRendle2020	0.19928734589289876
UserKNN_nn=100_sim=cosine_imp=standard_bin=False_shrink=0_norm=True_asymalpha=_tvalpha=_tvbeta=_rweights=	VSM_sim=cosine_up=tfidf_ip=binary_load=ItemAttributes	HR	0.9041774974987763
VSM_sim=cosine_up=tfidf_ip=binary_load=ItemAttributes	UserKNN_nn=100_sim=cosine_imp=standard_bin=False_shrink=0_norm=True_asymalpha=_tvalpha=_tvbeta=_rweights=	HR	0.9041774974987763
UserKNN_nn=100_sim=cosine_imp=standard_bin=False_shrink=0_norm=True_asymalpha=_tvalpha=_tvbeta=_rweights=	VSM_sim=cosine_up=tfidf_ip=binary_load=ItemAttributes	F1	0.20640958226114137
VSM_sim=cosine_up=tfidf_ip=binary_load=ItemAttributes	UserKNN_nn=100_sim=cosine_imp=standard_bin=False_shrink=0_norm=True_asymalpha=_tvalpha=_tvbeta=_rweights=	F1	0.20640958226114137
UserKNN_nn=100_sim=cosine_imp=standard_bin=False_shrink=0_norm=True_asymalpha=_tvalpha=_tvbeta=_rweights=	VSM_sim=cosine_up=tfidf_ip=binary_load=ItemAttributes	MAP	0.48880174673508603
VSM_sim=cosine_up=tfidf_ip=binary_load=ItemAttributes	UserKNN_nn=100_sim=cosine_imp=standard_bin=False_shrink=0_norm=True_asymalpha=_tvalpha=_tvbeta=_rweights=	MAP	0.48880174673508603
UserKNN_nn=100_sim=cosine_imp=standard_bin=False_shrink=0_norm=True_asymalpha=_tvalpha=_tvbeta=_rweights=	VSM_sim=cosine_up=tfidf_ip=binary_load=ItemAttributes	MAR	0.535585547110106
VSM_sim=cosine_up=tfidf_ip=binary_load=ItemAttributes	UserKNN_nn=100_sim=cosine_imp=standard_bin=False_shrink=0_norm=True_asymalpha=_tvalpha=_tvbeta=_rweights=	MAR	0.535585547110106
UserKNN_nn=100_sim=cosine_imp=standard_bin=False_shrink=0_norm=True_asymalpha=_tvalpha=_tvbeta=_rweights=	VSM_sim=cosine_up=tfidf_ip=binary_load=ItemAttributes	MRR	0.7536561631080723
VSM_sim=cosine_up=tfidf_ip=binary_load=ItemAttributes	UserKNN_nn=100_sim=cosine_imp=standard_bin=False_shrink=0_norm=True_asymalpha=_tvalpha=_tvbeta=_rweights=	MRR	0.7536561631080723
UserKNN_nn=100_sim=cosine_imp=standard_bin=False_shrink=0_norm=True_asymalpha=_tvalpha=_tvbeta=_rweights=	VSM_sim=cosine_up=tfidf_ip=binary_load=ItemAttributes	ACLT	1.67652152253539e-06
VSM_sim=cosine_up=tfidf_ip=binary_load=ItemAttributes	UserKNN_nn=100_sim=cosine_imp=standard_bin=False_shrink=0_norm=True_asymalpha=_tvalpha=_tvbeta=_rweights=	ACLT	1.67652152253539e-06
UserKNN_nn=100_sim=cosine_imp=standard_bin=False_shrink=0_norm=True_asymalpha=_tvalpha=_tvbeta=_rweights=	VSM_sim=cosine_up=tfidf_ip=binary_load=ItemAttributes	APLT	1.0125598581659085e-06
VSM_sim=cosine_up=tfidf_ip=binary_load=ItemAttributes	UserKNN_nn=100_sim=cosine_imp=standard_bin=False_shrink=0_norm=True_asymalpha=_tvalpha=_tvbeta=_rweights=	APLT	1.0125598581659085e-06
UserKNN_nn=100_sim=cosine_imp=standard_bin=False_shrink=0_norm=True_asymalpha=_tvalpha=_tvbeta=_rweights=	VSM_sim=cosine_up=tfidf_ip=binary_load=ItemAttributes	ARP	2.0338705815856833e-13
VSM_sim=cosine_up=tfidf_ip=binary_load=ItemAttributes	UserKNN_nn=100_sim=cosine_imp=standard_bin=False_shrink=0_norm=True_asymalpha=_tvalpha=_tvbeta=_rweights=	ARP	2.0338705815856833e-13
UserKNN_nn=100_sim=cosine_imp=standard_bin=False_shrink=0_norm=True_asymalpha=_tvalpha=_tvbeta=_rweights=	VSM_sim=cosine_up=tfidf_ip=binary_load=ItemAttributes	EFD	0.179124046428061
VSM_sim=cosine_up=tfidf_ip=binary_load=ItemAttributes	UserKNN_nn=100_sim=cosine_imp=standard_bin=False_shrink=0_norm=True_asymalpha=_tvalpha=_tvbeta=_rweights=	EFD	0.179124046428061
UserKNN_nn=100_sim=cosine_imp=standard_bin=False_shrink=0_norm=True_asymalpha=_tvalpha=_tvbeta=_rweights=	VSM_sim=cosine_up=tfidf_ip=binary_load=ItemAttributes	EPC	0.17745024331160175
VSM_sim=cosine_up=tfidf_ip=binary_load=ItemAttributes	UserKNN_nn=100_sim=cosine_imp=standard_bin=False_shrink=0_norm=True_asymalpha=_tvalpha=_tvbeta=_rweights=	EPC	0.17745024331160175
UserKNN_nn=100_sim=cosine_imp=standard_bin=False_shrink=0_norm=True_asymalpha=_tvalpha=_tvbeta=_rweights=	Random_seed=42	nDCG	1.4166073198129412e-68
Random_seed=42	UserKNN_nn=100_sim=cosine_imp=standard_bin=False_shrink=0_norm=True_asymalpha=_tvalpha=_tvbeta=_rweights=	nDCG	1.4166073198129412e-68
UserKNN_nn=100_sim=cosine_imp=standard_bin=False_shrink=0_norm=True_asymalpha=_tvalpha=_tvbeta=_rweights=	Random_seed=42	Recall	3.858283758373658e-70
Random_seed=42	UserKNN_nn=100_sim=cosine_imp=standard_bin=False_shrink=0_norm=True_asymalpha=_tvalpha=_tvbeta=_rweights=	Recall	3.858283758373658e-70
UserKNN_nn=100_sim=cosine_imp=standard_bin=False_shrink=0_norm=True_asymalpha=_tvalpha=_tvbeta=_rweights=	Random_seed=42	Precision	7.54271943414447e-71
Random_seed=42	UserKNN_nn=100_sim=cosine_imp=standard_bin=False_shrink=0_norm=True_asymalpha=_tvalpha=_tvbeta=_rweights=	Precision	7.54271943414447e-71
UserKNN_nn=100_sim=cosine_imp=standard_bin=False_shrink=0_norm=True_asymalpha=_tvalpha=_tvbeta=_rweights=	Random_seed=42	nDCGRendle2020	1.4979400864051748e-70
Random_seed=42	UserKNN_nn=100_sim=cosine_imp=standard_bin=False_shrink=0_norm=True_asymalpha=_tvalpha=_tvbeta=_rweights=	nDCGRendle2020	1.4979400864051748e-70
UserKNN_nn=100_sim=cosine_imp=standard_bin=False_shrink=0_norm=True_asymalpha=_tvalpha=_tvbeta=_rweights=	Random_seed=42	HR	1.3585543309776537e-78
Random_seed=42	UserKNN_nn=100_sim=cosine_imp=standard_bin=False_shrink=0_norm=True_asymalpha=_tvalpha=_tvbeta=_rweights=	HR	1.3585543309776537e-78
UserKNN_nn=100_sim=cosine_imp=standard_bin=False_shrink=0_norm=True_asymalpha=_tvalpha=_tvbeta=_rweights=	Random_seed=42	F1	4.570346736426114e-70
Random_seed=42	UserKNN_nn=100_sim=cosine_imp=standard_bin=False_shrink=0_norm=True_asymalpha=_tvalpha=_tvbeta=_rweights=	F1	4.570346736426114e-70
UserKNN_nn=100_sim=cosine_imp=standard_bin=False_shrink=0_norm=True_asymalpha=_tvalpha=_tvbeta=_rweights=	Random_seed=42	MAP	5.88225484197971e-58
Random_seed=42	UserKNN_nn=100_sim=cosine_imp=standard_bin=False_shrink=0_norm=True_asymalpha=_tvalpha=_tvbeta=_rweights=	MAP	5.88225484197971e-58
UserKNN_nn=100_sim=cosine_imp=standard_bin=False_shrink=0_norm=True_asymalpha=_tvalpha=_tvbeta=_rweights=	Random_seed=42	MAR	1.5483967783462864e-61
Random_seed=42	UserKNN_nn=100_sim=cosine_imp=standard_bin=False_shrink=0_norm=True_asymalpha=_tvalpha=_tvbeta=_rweights=	MAR	1.5483967783462864e-61
UserKNN_nn=100_sim=cosine_imp=standard_bin=False_shrink=0_norm=True_asymalpha=_tvalpha=_tvbeta=_rweights=	Random_seed=42	MRR	1.149879629412416e-56
Random_seed=42	UserKNN_nn=100_sim=cosine_imp=standard_bin=False_shrink=0_norm=True_asymalpha=_tvalpha=_tvbeta=_rweights=	MRR	1.149879629412416e-56
UserKNN_nn=100_sim=cosine_imp=standard_bin=False_shrink=0_norm=True_asymalpha=_tvalpha=_tvbeta=_rweights=	Random_seed=42	ACLT	4.06989658123165e-82
Random_seed=42	UserKNN_nn=100_sim=cosine_imp=standard_bin=False_shrink=0_norm=True_asymalpha=_tvalpha=_tvbeta=_rweights=	ACLT	4.06989658123165e-82
UserKNN_nn=100_sim=cosine_imp=standard_bin=False_shrink=0_norm=True_asymalpha=_tvalpha=_tvbeta=_rweights=	Random_seed=42	APLT	4.3360044461831535e-82
Random_seed=42	UserKNN_nn=100_sim=cosine_imp=standard_bin=False_shrink=0_norm=True_asymalpha=_tvalpha=_tvbeta=_rweights=	APLT	4.3360044461831535e-82
UserKNN_nn=100_sim=cosine_imp=standard_bin=False_shrink=0_norm=True_asymalpha=_tvalpha=_tvbeta=_rweights=	Random_seed=42	ARP	8.33861959047192e-83
Random_seed=42	UserKNN_nn=100_sim=cosine_imp=standard_bin=False_shrink=0_norm=True_asymalpha=_tvalpha=_tvbeta=_rweights=	ARP	8.33861959047192e-83
UserKNN_nn=100_sim=cosine_imp=standard_bin=False_shrink=0_norm=True_asymalpha=_tvalpha=_tvbeta=_rweights=	Random_seed=42	EFD	2.1603354823139187e-69
Random_seed=42	UserKNN_nn=100_sim=cosine_imp=standard_bin=False_shrink=0_norm=True_asymalpha=_tvalpha=_tvbeta=_rweights=	EFD	2.1603354823139187e-69
UserKNN_nn=100_sim=cosine_imp=standard_bin=False_shrink=0_norm=True_asymalpha=_tvalpha=_tvbeta=_rweights=	Random_seed=42	EPC	2.947652909331386e-70
Random_seed=42	UserKNN_nn=100_sim=cosine_imp=standard_bin=False_shrink=0_norm=True_asymalpha=_tvalpha=_tvbeta=_rweights=	EPC	2.947652909331386e-70
UserKNN_nn=100_sim=cosine_imp=standard_bin=False_shrink=0_norm=True_asymalpha=_tvalpha=_tvbeta=_rweights=	AttributeItemKNN_nn=40_sim=correlation_bin=False_load=ItemAttributes	nDCG	0.3287767145061361
AttributeItemKNN_nn=40_sim=correlation_bin=False_load=ItemAttributes	UserKNN_nn=100_sim=cosine_imp=standard_bin=False_shrink=0_norm=True_asymalpha=_tvalpha=_tvbeta=_rweights=	nDCG	0.3287767145061361
UserKNN_nn=100_sim=cosine_imp=standard_bin=False_shrink=0_norm=True_asymalpha=_tvalpha=_tvbeta=_rweights=	AttributeItemKNN_nn=40_sim=correlation_bin=False_load=ItemAttributes	Recall	0.9526644399566032
AttributeItemKNN_nn=40_sim=correlation_bin=False_load=ItemAttributes	UserKNN_nn=100_sim=cosine_imp=standard_bin=False_shrink=0_norm=True_asymalpha=_tvalpha=_tvbeta=_rweights=	Recall	0.9526644399566032
UserKNN_nn=100_sim=cosine_imp=standard_bin=False_shrink=0_norm=True_asymalpha=_tvalpha=_tvbeta=_rweights=	AttributeItemKNN_nn=40_sim=correlation_bin=False_load=ItemAttributes	Precision	0.9224996252994652
AttributeItemKNN_nn=40_sim=correlation_bin=False_load=ItemAttributes	UserKNN_nn=100_sim=cosine_imp=standard_bin=False_shrink=0_norm=True_asymalpha=_tvalpha=_tvbeta=_rweights=	Precision	0.9224996252994652
UserKNN_nn=100_sim=cosine_imp=standard_bin=False_shrink=0_norm=True_asymalpha=_tvalpha=_tvbeta=_rweights=	AttributeItemKNN_nn=40_sim=correlation_bin=False_load=ItemAttributes	nDCGRendle2020	0.1786206513465598
AttributeItemKNN_nn=40_sim=correlation_bin=False_load=ItemAttributes	UserKNN_nn=100_sim=cosine_imp=standard_bin=False_shrink=0_norm=True_asymalpha=_tvalpha=_tvbeta=_rweights=	nDCGRendle2020	0.1786206513465598
UserKNN_nn=100_sim=cosine_imp=standard_bin=False_shrink=0_norm=True_asymalpha=_tvalpha=_tvbeta=_rweights=	AttributeItemKNN_nn=40_sim=correlation_bin=False_load=ItemAttributes	HR	0.09966828658375633
AttributeItemKNN_nn=40_sim=correlation_bin=False_load=ItemAttributes	UserKNN_nn=100_sim=cosine_imp=standard_bin=False_shrink=0_norm=True_asymalpha=_tvalpha=_tvbeta=_rweights=	HR	0.09966828658375633
UserKNN_nn=100_sim=cosine_imp=standard_bin=False_shrink=0_norm=True_asymalpha=_tvalpha=_tvbeta=_rweights=	AttributeItemKNN_nn=40_sim=correlation_bin=False_load=ItemAttributes	F1	0.9409259839778286
AttributeItemKNN_nn=40_sim=correlation_bin=False_load=ItemAttributes	UserKNN_nn=100_sim=cosine_imp=standard_bin=False_shrink=0_norm=True_asymalpha=_tvalpha=_tvbeta=_rweights=	F1	0.9409259839778286
UserKNN_nn=100_sim=cosine_imp=standard_bin=False_shrink=0_norm=True_asymalpha=_tvalpha=_tvbeta=_rweights=	AttributeItemKNN_nn=40_sim=correlation_bin=False_load=ItemAttributes	MAP	0.0644320108335147
AttributeItemKNN_nn=40_sim=correlation_bin=False_load=ItemAttributes	UserKNN_nn=100_sim=cosine_imp=standard_bin=False_shrink=0_norm=True_asymalpha=_tvalpha=_tvbeta=_rweights=	MAP	0.0644320108335147
UserKNN_nn=100_sim=cosine_imp=standard_bin=False_shrink=0_norm=True_asymalpha=_tvalpha=_tvbeta=_rweights=	AttributeItemKNN_nn=40_sim=correlation_bin=False_load=ItemAttributes	MAR	0.2705667024242633
AttributeItemKNN_nn=40_sim=correlation_bin=False_load=ItemAttributes	UserKNN_nn=100_sim=cosine_imp=standard_bin=False_shrink=0_norm=True_asymalpha=_tvalpha=_tvbeta=_rweights=	MAR	0.2705667024242633
UserKNN_nn=100_sim=cosine_imp=standard_bin=False_shrink=0_norm=True_asymalpha=_tvalpha=_tvbeta=_rweights=	AttributeItemKNN_nn=40_sim=correlation_bin=False_load=ItemAttributes	MRR	0.036694419834928486
AttributeItemKNN_nn=40_sim=correlation_bin=False_load=ItemAttributes	UserKNN_nn=100_sim=cosine_imp=standard_bin=False_shrink=0_norm=True_asymalpha=_tvalpha=_tvbeta=_rweights=	MRR	0.036694419834928486
UserKNN_nn=100_sim=cosine_imp=standard_bin=False_shrink=0_norm=True_asymalpha=_tvalpha=_tvbeta=_rweights=	AttributeItemKNN_nn=40_sim=correlation_bin=False_load=ItemAttributes	ACLT	1.330008875285712e-82
AttributeItemKNN_nn=40_sim=correlation_bin=False_load=ItemAttributes	UserKNN_nn=100_sim=cosine_imp=standard_bin=False_shrink=0_norm=True_asymalpha=_tvalpha=_tvbeta=_rweights=	ACLT	1.330008875285712e-82
UserKNN_nn=100_sim=cosine_imp=standard_bin=False_shrink=0_norm=True_asymalpha=_tvalpha=_tvbeta=_rweights=	AttributeItemKNN_nn=40_sim=correlation_bin=False_load=ItemAttributes	APLT	1.4609257764065811e-82
AttributeItemKNN_nn=40_sim=correlation_bin=False_load=ItemAttributes	UserKNN_nn=100_sim=cosine_imp=standard_bin=False_shrink=0_norm=True_asymalpha=_tvalpha=_tvbeta=_rweights=	APLT	1.4609257764065811e-82
UserKNN_nn=100_sim=cosine_imp=standard_bin=False_shrink=0_norm=True_asymalpha=_tvalpha=_tvbeta=_rweights=	AttributeItemKNN_nn=40_sim=correlation_bin=False_load=ItemAttributes	ARP	1.0437698621392542e-82
AttributeItemKNN_nn=40_sim=correlation_bin=False_load=ItemAttributes	UserKNN_nn=100_sim=cosine_imp=standard_bin=False_shrink=0_norm=True_asymalpha=_tvalpha=_tvbeta=_rweights=	ARP	1.0437698621392542e-82
UserKNN_nn=100_sim=cosine_imp=standard_bin=False_shrink=0_norm=True_asymalpha=_tvalpha=_tvbeta=_rweights=	AttributeItemKNN_nn=40_sim=correlation_bin=False_load=ItemAttributes	EFD	0.7819384280997987
AttributeItemKNN_nn=40_sim=correlation_bin=False_load=ItemAttributes	UserKNN_nn=100_sim=cosine_imp=standard_bin=False_shrink=0_norm=True_asymalpha=_tvalpha=_tvbeta=_rweights=	EFD	0.7819384280997987
UserKNN_nn=100_sim=cosine_imp=standard_bin=False_shrink=0_norm=True_asymalpha=_tvalpha=_tvbeta=_rweights=	AttributeItemKNN_nn=40_sim=correlation_bin=False_load=ItemAttributes	EPC	0.3842749314694077
AttributeItemKNN_nn=40_sim=correlation_bin=False_load=ItemAttributes	UserKNN_nn=100_sim=cosine_imp=standard_bin=False_shrink=0_norm=True_asymalpha=_tvalpha=_tvbeta=_rweights=	EPC	0.3842749314694077
UserKNN_nn=100_sim=cosine_imp=standard_bin=False_shrink=0_norm=True_asymalpha=_tvalpha=_tvbeta=_rweights=	ItemKNN_nn=100_sim=cosine_imp=standard_bin=False_shrink=0_norm=True_asymalpha=_tvalpha=_tvbeta=_rweights=	nDCG	0.10309215622232881
ItemKNN_nn=100_sim=cosine_imp=standard_bin=False_shrink=0_norm=True_asymalpha=_tvalpha=_tvbeta=_rweights=	UserKNN_nn=100_sim=cosine_imp=standard_bin=False_shrink=0_norm=True_asymalpha=_tvalpha=_tvbeta=_rweights=	nDCG	0.10309215622232881
UserKNN_nn=100_sim=cosine_imp=standard_bin=False_shrink=0_norm=True_asymalpha=_tvalpha=_tvbeta=_rweights=	ItemKNN_nn=100_sim=cosine_imp=standard_bin=False_shrink=0_norm=True_asymalpha=_tvalpha=_tvbeta=_rweights=	Recall	9.894841413906472e-05
ItemKNN_nn=100_sim=cosine_imp=standard_bin=False_shrink=0_norm=True_asymalpha=_tvalpha=_tvbeta=_rweights=	UserKNN_nn=100_sim=cosine_imp=standard_bin=False_shrink=0_norm=True_asymalpha=_tvalpha=_tvbeta=_rweights=	Recall	9.894841413906472e-05
UserKNN_nn=100_sim=cosine_imp=standard_bin=False_shrink=0_norm=True_asymalpha=_tvalpha=_tvbeta=_rweights=	ItemKNN_nn=100_sim=cosine_imp=standard_bin=False_shrink=0_norm=True_asymalpha=_tvalpha=_tvbeta=_rweights=	Precision	2.3408634757502017e-05
ItemKNN_nn=100_sim=cosine_imp=standard_bin=False_shrink=0_norm=True_asymalpha=_tvalpha=_tvbeta=_rweights=	UserKNN_nn=100_sim=cosine_imp=standard_bin=False_shrink=0_norm=True_asymalpha=_tvalpha=_tvbeta=_rweights=	Precision	2.3408634757502017e-05
UserKNN_nn=100_sim=cosine_imp=standard_bin=False_shrink=0_norm=True_asymalpha=_tvalpha=_tvbeta=_rweights=	ItemKNN_nn=100_sim=cosine_imp=standard_bin=False_shrink=0_norm=True_asymalpha=_tvalpha=_tvbeta=_rweights=	nDCGRendle2020	0.1179060949053293
ItemKNN_nn=100_sim=cosine_imp=standard_bin=False_shrink=0_norm=True_asymalpha=_tvalpha=_tvbeta=_rweights=	UserKNN_nn=100_sim=cosine_imp=standard_bin=False_shrink=0_norm=True_asymalpha=_tvalpha=_tvbeta=_rweights=	nDCGRendle2020	0.1179060949053293
UserKNN_nn=100_sim=cosine_imp=standard_bin=False_shrink=0_norm=True_asymalpha=_tvalpha=_tvbeta=_rweights=	ItemKNN_nn=100_sim=cosine_imp=standard_bin=False_shrink=0_norm=True_asymalpha=_tvalpha=_tvbeta=_rweights=	HR	0.4142161782425252
ItemKNN_nn=100_sim=cosine_imp=standard_bin=False_shrink=0_norm=True_asymalpha=_tvalpha=_tvbeta=_rweights=	UserKNN_nn=100_sim=cosine_imp=standard_bin=False_shrink=0_norm=True_asymalpha=_tvalpha=_tvbeta=_rweights=	HR	0.4142161782425252
UserKNN_nn=100_sim=cosine_imp=standard_bin=False_shrink=0_norm=True_asymalpha=_tvalpha=_tvbeta=_rweights=	ItemKNN_nn=100_sim=cosine_imp=standard_bin=False_shrink=0_norm=True_asymalpha=_tvalpha=_tvbeta=_rweights=	F1	0.00015614263240394828
ItemKNN_nn=100_sim=cosine_imp=standard_bin=False_shrink=0_norm=True_asymalpha=_tvalpha=_tvbeta=_rweights=	UserKNN_nn=100_sim=cosine_imp=standard_bin=False_shrink=0_norm=True_asymalpha=_tvalpha=_tvbeta=_rweights=	F1	0.00015614263240394828
UserKNN_nn=100_sim=cosine_imp=standard_bin=False_shrink=0_norm=True_asymalpha=_tvalpha=_tvbeta=_rweights=	ItemKNN_nn=100_sim=cosine_imp=standard_bin=False_shrink=0_norm=True_asymalpha=_tvalpha=_tvbeta=_rweights=	MAP	0.8283500082449098
ItemKNN_nn=100_sim=cosine_imp=standard_bin=False_shrink=0_norm=True_asymalpha=_tvalpha=_tvbeta=_rweights=	UserKNN_nn=100_sim=cosine_imp=standard_bin=False_shrink=0_norm=True_asymalpha=_tvalpha=_tvbeta=_rweights=	MAP	0.8283500082449098
UserKNN_nn=100_sim=cosine_imp=standard_bin=False_shrink=0_norm=True_asymalpha=_tvalpha=_tvbeta=_rweights=	ItemKNN_nn=100_sim=cosine_imp=standard_bin=False_shrink=0_norm=True_asymalpha=_tvalpha=_tvbeta=_rweights=	MAR	0.6018107529564448
ItemKNN_nn=100_sim=cosine_imp=standard_bin=False_shrink=0_norm=True_asymalpha=_tvalpha=_tvbeta=_rweights=	UserKNN_nn=100_sim=cosine_imp=standard_bin=False_shrink=0_norm=True_asymalpha=_tvalpha=_tvbeta=_rweights=	MAR	0.6018107529564448
UserKNN_nn=100_sim=cosine_imp=standard_bin=False_shrink=0_norm=True_asymalpha=_tvalpha=_tvbeta=_rweights=	ItemKNN_nn=100_sim=cosine_imp=standard_bin=False_shrink=0_norm=True_asymalpha=_tvalpha=_tvbeta=_rweights=	MRR	0.35236562610343825
ItemKNN_nn=100_sim=cosine_imp=standard_bin=False_shrink=0_norm=True_asymalpha=_tvalpha=_tvbeta=_rweights=	UserKNN_nn=100_sim=cosine_imp=standard_bin=False_shrink=0_norm=True_asymalpha=_tvalpha=_tvbeta=_rweights=	MRR	0.35236562610343825
UserKNN_nn=100_sim=cosine_imp=standard_bin=False_shrink=0_norm=True_asymalpha=_tvalpha=_tvbeta=_rweights=	ItemKNN_nn=100_sim=cosine_imp=standard_bin=False_shrink=0_norm=True_asymalpha=_tvalpha=_tvbeta=_rweights=	ACLT	9.745480871602576e-80
ItemKNN_nn=100_sim=cosine_imp=standard_bin=False_shrink=0_norm=True_asymalpha=_tvalpha=_tvbeta=_rweights=	UserKNN_nn=100_sim=cosine_imp=standard_bin=False_shrink=0_norm=True_asymalpha=_tvalpha=_tvbeta=_rweights=	ACLT	9.745480871602576e-80
UserKNN_nn=100_sim=cosine_imp=standard_bin=False_shrink=0_norm=True_asymalpha=_tvalpha=_tvbeta=_rweights=	ItemKNN_nn=100_sim=cosine_imp=standard_bin=False_shrink=0_norm=True_asymalpha=_tvalpha=_tvbeta=_rweights=	APLT	1.2076467936559034e-79
ItemKNN_nn=100_sim=cosine_imp=standard_bin=False_shrink=0_norm=True_asymalpha=_tvalpha=_tvbeta=_rweights=	UserKNN_nn=100_sim=cosine_imp=standard_bin=False_shrink=0_norm=True_asymalpha=_tvalpha=_tvbeta=_rweights=	APLT	1.2076467936559034e-79
UserKNN_nn=100_sim=cosine_imp=standard_bin=False_shrink=0_norm=True_asymalpha=_tvalpha=_tvbeta=_rweights=	ItemKNN_nn=100_sim=cosine_imp=standard_bin=False_shrink=0_norm=True_asymalpha=_tvalpha=_tvbeta=_rweights=	ARP	4.582006368473923e-77
ItemKNN_nn=100_sim=cosine_imp=standard_bin=False_shrink=0_norm=True_asymalpha=_tvalpha=_tvbeta=_rweights=	UserKNN_nn=100_sim=cosine_imp=standard_bin=False_shrink=0_norm=True_asymalpha=_tvalpha=_tvbeta=_rweights=	ARP	4.582006368473923e-77
UserKNN_nn=100_sim=cosine_imp=standard_bin=False_shrink=0_norm=True_asymalpha=_tvalpha=_tvbeta=_rweights=	ItemKNN_nn=100_sim=cosine_imp=standard_bin=False_shrink=0_norm=True_asymalpha=_tvalpha=_tvbeta=_rweights=	EFD	0.011662780077901495
ItemKNN_nn=100_sim=cosine_imp=standard_bin=False_shrink=0_norm=True_asymalpha=_tvalpha=_tvbeta=_rweights=	UserKNN_nn=100_sim=cosine_imp=standard_bin=False_shrink=0_norm=True_asymalpha=_tvalpha=_tvbeta=_rweights=	EFD	0.011662780077901495
UserKNN_nn=100_sim=cosine_imp=standard_bin=False_shrink=0_norm=True_asymalpha=_tvalpha=_tvbeta=_rweights=	ItemKNN_nn=100_sim=cosine_imp=standard_bin=False_shrink=0_norm=True_asymalpha=_tvalpha=_tvbeta=_rweights=	EPC	0.0493948816724827
ItemKNN_nn=100_sim=cosine_imp=standard_bin=False_shrink=0_norm=True_asymalpha=_tvalpha=_tvbeta=_rweights=	UserKNN_nn=100_sim=cosine_imp=standard_bin=False_shrink=0_norm=True_asymalpha=_tvalpha=_tvbeta=_rweights=	EPC	0.0493948816724827
UserKNN_nn=100_sim=cosine_imp=standard_bin=False_shrink=0_norm=True_asymalpha=_tvalpha=_tvbeta=_rweights=	RP3beta_neighborhood=507_alpha=1$0180281935718316_beta=0$41875971052261285_normalize_similarity=True	nDCG	6.127701658457692e-05
RP3beta_neighborhood=507_alpha=1$0180281935718316_beta=0$41875971052261285_normalize_similarity=True	UserKNN_nn=100_sim=cosine_imp=standard_bin=False_shrink=0_norm=True_asymalpha=_tvalpha=_tvbeta=_rweights=	nDCG	6.127701658457692e-05
UserKNN_nn=100_sim=cosine_imp=standard_bin=False_shrink=0_norm=True_asymalpha=_tvalpha=_tvbeta=_rweights=	RP3beta_neighborhood=507_alpha=1$0180281935718316_beta=0$41875971052261285_normalize_similarity=True	Recall	9.593229584436858e-10
RP3beta_neighborhood=507_alpha=1$0180281935718316_beta=0$41875971052261285_normalize_similarity=True	UserKNN_nn=100_sim=cosine_imp=standard_bin=False_shrink=0_norm=True_asymalpha=_tvalpha=_tvbeta=_rweights=	Recall	9.593229584436858e-10
UserKNN_nn=100_sim=cosine_imp=standard_bin=False_shrink=0_norm=True_asymalpha=_tvalpha=_tvbeta=_rweights=	RP3beta_neighborhood=507_alpha=1$0180281935718316_beta=0$41875971052261285_normalize_similarity=True	Precision	4.666918415973578e-10
RP3beta_neighborhood=507_alpha=1$0180281935718316_beta=0$41875971052261285_normalize_similarity=True	UserKNN_nn=100_sim=cosine_imp=standard_bin=False_shrink=0_norm=True_asymalpha=_tvalpha=_tvbeta=_rweights=	Precision	4.666918415973578e-10
UserKNN_nn=100_sim=cosine_imp=standard_bin=False_shrink=0_norm=True_asymalpha=_tvalpha=_tvbeta=_rweights=	RP3beta_neighborhood=507_alpha=1$0180281935718316_beta=0$41875971052261285_normalize_similarity=True	nDCGRendle2020	0.0007373924195757088
RP3beta_neighborhood=507_alpha=1$0180281935718316_beta=0$41875971052261285_normalize_similarity=True	UserKNN_nn=100_sim=cosine_imp=standard_bin=False_shrink=0_norm=True_asymalpha=_tvalpha=_tvbeta=_rweights=	nDCGRendle2020	0.0007373924195757088
UserKNN_nn=100_sim=cosine_imp=standard_bin=False_shrink=0_norm=True_asymalpha=_tvalpha=_tvbeta=_rweights=	RP3beta_neighborhood=507_alpha=1$0180281935718316_beta=0$41875971052261285_normalize_similarity=True	HR	0.0006066190209832512
RP3beta_neighborhood=507_alpha=1$0180281935718316_beta=0$41875971052261285_normalize_similarity=True	UserKNN_nn=100_sim=cosine_imp=standard_bin=False_shrink=0_norm=True_asymalpha=_tvalpha=_tvbeta=_rweights=	HR	0.0006066190209832512
UserKNN_nn=100_sim=cosine_imp=standard_bin=False_shrink=0_norm=True_asymalpha=_tvalpha=_tvbeta=_rweights=	RP3beta_neighborhood=507_alpha=1$0180281935718316_beta=0$41875971052261285_normalize_similarity=True	F1	6.771580511709784e-10
RP3beta_neighborhood=507_alpha=1$0180281935718316_beta=0$41875971052261285_normalize_similarity=True	UserKNN_nn=100_sim=cosine_imp=standard_bin=False_shrink=0_norm=True_asymalpha=_tvalpha=_tvbeta=_rweights=	F1	6.771580511709784e-10
UserKNN_nn=100_sim=cosine_imp=standard_bin=False_shrink=0_norm=True_asymalpha=_tvalpha=_tvbeta=_rweights=	RP3beta_neighborhood=507_alpha=1$0180281935718316_beta=0$41875971052261285_normalize_similarity=True	MAP	0.4734904726984215
RP3beta_neighborhood=507_alpha=1$0180281935718316_beta=0$41875971052261285_normalize_similarity=True	UserKNN_nn=100_sim=cosine_imp=standard_bin=False_shrink=0_norm=True_asymalpha=_tvalpha=_tvbeta=_rweights=	MAP	0.4734904726984215
UserKNN_nn=100_sim=cosine_imp=standard_bin=False_shrink=0_norm=True_asymalpha=_tvalpha=_tvbeta=_rweights=	RP3beta_neighborhood=507_alpha=1$0180281935718316_beta=0$41875971052261285_normalize_similarity=True	MAR	0.03392167491462584
RP3beta_neighborhood=507_alpha=1$0180281935718316_beta=0$41875971052261285_normalize_similarity=True	UserKNN_nn=100_sim=cosine_imp=standard_bin=False_shrink=0_norm=True_asymalpha=_tvalpha=_tvbeta=_rweights=	MAR	0.03392167491462584
UserKNN_nn=100_sim=cosine_imp=standard_bin=False_shrink=0_norm=True_asymalpha=_tvalpha=_tvbeta=_rweights=	RP3beta_neighborhood=507_alpha=1$0180281935718316_beta=0$41875971052261285_normalize_similarity=True	MRR	0.8645497942568197
RP3beta_neighborhood=507_alpha=1$0180281935718316_beta=0$41875971052261285_normalize_similarity=True	UserKNN_nn=100_sim=cosine_imp=standard_bin=False_shrink=0_norm=True_asymalpha=_tvalpha=_tvbeta=_rweights=	MRR	0.8645497942568197
UserKNN_nn=100_sim=cosine_imp=standard_bin=False_shrink=0_norm=True_asymalpha=_tvalpha=_tvbeta=_rweights=	RP3beta_neighborhood=507_alpha=1$0180281935718316_beta=0$41875971052261285_normalize_similarity=True	ACLT	6.657382826646601e-42
RP3beta_neighborhood=507_alpha=1$0180281935718316_beta=0$41875971052261285_normalize_similarity=True	UserKNN_nn=100_sim=cosine_imp=standard_bin=False_shrink=0_norm=True_asymalpha=_tvalpha=_tvbeta=_rweights=	ACLT	6.657382826646601e-42
UserKNN_nn=100_sim=cosine_imp=standard_bin=False_shrink=0_norm=True_asymalpha=_tvalpha=_tvbeta=_rweights=	RP3beta_neighborhood=507_alpha=1$0180281935718316_beta=0$41875971052261285_normalize_similarity=True	APLT	1.041700193381982e-41
RP3beta_neighborhood=507_alpha=1$0180281935718316_beta=0$41875971052261285_normalize_similarity=True	UserKNN_nn=100_sim=cosine_imp=standard_bin=False_shrink=0_norm=True_asymalpha=_tvalpha=_tvbeta=_rweights=	APLT	1.041700193381982e-41
UserKNN_nn=100_sim=cosine_imp=standard_bin=False_shrink=0_norm=True_asymalpha=_tvalpha=_tvbeta=_rweights=	RP3beta_neighborhood=507_alpha=1$0180281935718316_beta=0$41875971052261285_normalize_similarity=True	ARP	4.071534484442459e-09
RP3beta_neighborhood=507_alpha=1$0180281935718316_beta=0$41875971052261285_normalize_similarity=True	UserKNN_nn=100_sim=cosine_imp=standard_bin=False_shrink=0_norm=True_asymalpha=_tvalpha=_tvbeta=_rweights=	ARP	4.071534484442459e-09
UserKNN_nn=100_sim=cosine_imp=standard_bin=False_shrink=0_norm=True_asymalpha=_tvalpha=_tvbeta=_rweights=	RP3beta_neighborhood=507_alpha=1$0180281935718316_beta=0$41875971052261285_normalize_similarity=True	EFD	0.00035592316674285825
RP3beta_neighborhood=507_alpha=1$0180281935718316_beta=0$41875971052261285_normalize_similarity=True	UserKNN_nn=100_sim=cosine_imp=standard_bin=False_shrink=0_norm=True_asymalpha=_tvalpha=_tvbeta=_rweights=	EFD	0.00035592316674285825
UserKNN_nn=100_sim=cosine_imp=standard_bin=False_shrink=0_norm=True_asymalpha=_tvalpha=_tvbeta=_rweights=	RP3beta_neighborhood=507_alpha=1$0180281935718316_beta=0$41875971052261285_normalize_similarity=True	EPC	0.0006662482116110928
RP3beta_neighborhood=507_alpha=1$0180281935718316_beta=0$41875971052261285_normalize_similarity=True	UserKNN_nn=100_sim=cosine_imp=standard_bin=False_shrink=0_norm=True_asymalpha=_tvalpha=_tvbeta=_rweights=	EPC	0.0006662482116110928
UserKNN_nn=100_sim=cosine_imp=standard_bin=False_shrink=0_norm=True_asymalpha=_tvalpha=_tvbeta=_rweights=	MostPop	nDCG	2.6289443608814255e-45
MostPop	UserKNN_nn=100_sim=cosine_imp=standard_bin=False_shrink=0_norm=True_asymalpha=_tvalpha=_tvbeta=_rweights=	nDCG	2.6289443608814255e-45
UserKNN_nn=100_sim=cosine_imp=standard_bin=False_shrink=0_norm=True_asymalpha=_tvalpha=_tvbeta=_rweights=	MostPop	Recall	1.7550879649773658e-50
MostPop	UserKNN_nn=100_sim=cosine_imp=standard_bin=False_shrink=0_norm=True_asymalpha=_tvalpha=_tvbeta=_rweights=	Recall	1.7550879649773658e-50
UserKNN_nn=100_sim=cosine_imp=standard_bin=False_shrink=0_norm=True_asymalpha=_tvalpha=_tvbeta=_rweights=	MostPop	Precision	8.346382296483925e-51
MostPop	UserKNN_nn=100_sim=cosine_imp=standard_bin=False_shrink=0_norm=True_asymalpha=_tvalpha=_tvbeta=_rweights=	Precision	8.346382296483925e-51
UserKNN_nn=100_sim=cosine_imp=standard_bin=False_shrink=0_norm=True_asymalpha=_tvalpha=_tvbeta=_rweights=	MostPop	nDCGRendle2020	9.266649477254985e-48
MostPop	UserKNN_nn=100_sim=cosine_imp=standard_bin=False_shrink=0_norm=True_asymalpha=_tvalpha=_tvbeta=_rweights=	nDCGRendle2020	9.266649477254985e-48
UserKNN_nn=100_sim=cosine_imp=standard_bin=False_shrink=0_norm=True_asymalpha=_tvalpha=_tvbeta=_rweights=	MostPop	HR	1.3394429660312902e-40
MostPop	UserKNN_nn=100_sim=cosine_imp=standard_bin=False_shrink=0_norm=True_asymalpha=_tvalpha=_tvbeta=_rweights=	HR	1.3394429660312902e-40
UserKNN_nn=100_sim=cosine_imp=standard_bin=False_shrink=0_norm=True_asymalpha=_tvalpha=_tvbeta=_rweights=	MostPop	F1	7.199015459375759e-51
MostPop	UserKNN_nn=100_sim=cosine_imp=standard_bin=False_shrink=0_norm=True_asymalpha=_tvalpha=_tvbeta=_rweights=	F1	7.199015459375759e-51
UserKNN_nn=100_sim=cosine_imp=standard_bin=False_shrink=0_norm=True_asymalpha=_tvalpha=_tvbeta=_rweights=	MostPop	MAP	2.9006968170153e-17
MostPop	UserKNN_nn=100_sim=cosine_imp=standard_bin=False_shrink=0_norm=True_asymalpha=_tvalpha=_tvbeta=_rweights=	MAP	2.9006968170153e-17
UserKNN_nn=100_sim=cosine_imp=standard_bin=False_shrink=0_norm=True_asymalpha=_tvalpha=_tvbeta=_rweights=	MostPop	MAR	2.3442043962430403e-24
MostPop	UserKNN_nn=100_sim=cosine_imp=standard_bin=False_shrink=0_norm=True_asymalpha=_tvalpha=_tvbeta=_rweights=	MAR	2.3442043962430403e-24
UserKNN_nn=100_sim=cosine_imp=standard_bin=False_shrink=0_norm=True_asymalpha=_tvalpha=_tvbeta=_rweights=	MostPop	MRR	7.105035259091311e-18
MostPop	UserKNN_nn=100_sim=cosine_imp=standard_bin=False_shrink=0_norm=True_asymalpha=_tvalpha=_tvbeta=_rweights=	MRR	7.105035259091311e-18
UserKNN_nn=100_sim=cosine_imp=standard_bin=False_shrink=0_norm=True_asymalpha=_tvalpha=_tvbeta=_rweights=	MostPop	ACLT	7.879693758472189e-76
MostPop	UserKNN_nn=100_sim=cosine_imp=standard_bin=False_shrink=0_norm=True_asymalpha=_tvalpha=_tvbeta=_rweights=	ACLT	7.879693758472189e-76
UserKNN_nn=100_sim=cosine_imp=standard_bin=False_shrink=0_norm=True_asymalpha=_tvalpha=_tvbeta=_rweights=	MostPop	APLT	7.879693758472189e-76
MostPop	UserKNN_nn=100_sim=cosine_imp=standard_bin=False_shrink=0_norm=True_asymalpha=_tvalpha=_tvbeta=_rweights=	APLT	7.879693758472189e-76
UserKNN_nn=100_sim=cosine_imp=standard_bin=False_shrink=0_norm=True_asymalpha=_tvalpha=_tvbeta=_rweights=	MostPop	ARP	8.288075955132348e-83
MostPop	UserKNN_nn=100_sim=cosine_imp=standard_bin=False_shrink=0_norm=True_asymalpha=_tvalpha=_tvbeta=_rweights=	ARP	8.288075955132348e-83
UserKNN_nn=100_sim=cosine_imp=standard_bin=False_shrink=0_norm=True_asymalpha=_tvalpha=_tvbeta=_rweights=	MostPop	EFD	2.502792370118734e-53
MostPop	UserKNN_nn=100_sim=cosine_imp=standard_bin=False_shrink=0_norm=True_asymalpha=_tvalpha=_tvbeta=_rweights=	EFD	2.502792370118734e-53
UserKNN_nn=100_sim=cosine_imp=standard_bin=False_shrink=0_norm=True_asymalpha=_tvalpha=_tvbeta=_rweights=	MostPop	EPC	2.7934241849114078e-49
MostPop	UserKNN_nn=100_sim=cosine_imp=standard_bin=False_shrink=0_norm=True_asymalpha=_tvalpha=_tvbeta=_rweights=	EPC	2.7934241849114078e-49
EASER_neighborhood=1507_l2_norm=28754079$46612463	VSM_sim=cosine_up=tfidf_ip=binary_load=ItemAttributes	nDCG	0.0015568817553274221
VSM_sim=cosine_up=tfidf_ip=binary_load=ItemAttributes	EASER_neighborhood=1507_l2_norm=28754079$46612463	nDCG	0.0015568817553274221
EASER_neighborhood=1507_l2_norm=28754079$46612463	VSM_sim=cosine_up=tfidf_ip=binary_load=ItemAttributes	Recall	5.586638875097426e-06
VSM_sim=cosine_up=tfidf_ip=binary_load=ItemAttributes	EASER_neighborhood=1507_l2_norm=28754079$46612463	Recall	5.586638875097426e-06
EASER_neighborhood=1507_l2_norm=28754079$46612463	VSM_sim=cosine_up=tfidf_ip=binary_load=ItemAttributes	Precision	9.988608148351332e-05
VSM_sim=cosine_up=tfidf_ip=binary_load=ItemAttributes	EASER_neighborhood=1507_l2_norm=28754079$46612463	Precision	9.988608148351332e-05
EASER_neighborhood=1507_l2_norm=28754079$46612463	VSM_sim=cosine_up=tfidf_ip=binary_load=ItemAttributes	nDCGRendle2020	0.0014402257585199982
VSM_sim=cosine_up=tfidf_ip=binary_load=ItemAttributes	EASER_neighborhood=1507_l2_norm=28754079$46612463	nDCGRendle2020	0.0014402257585199982
EASER_neighborhood=1507_l2_norm=28754079$46612463	VSM_sim=cosine_up=tfidf_ip=binary_load=ItemAttributes	HR	0.029049022161940583
VSM_sim=cosine_up=tfidf_ip=binary_load=ItemAttributes	EASER_neighborhood=1507_l2_norm=28754079$46612463	HR	0.029049022161940583
EASER_neighborhood=1507_l2_norm=28754079$46612463	VSM_sim=cosine_up=tfidf_ip=binary_load=ItemAttributes	F1	2.3663652896395803e-06
VSM_sim=cosine_up=tfidf_ip=binary_load=ItemAttributes	EASER_neighborhood=1507_l2_norm=28754079$46612463	F1	2.3663652896395803e-06
EASER_neighborhood=1507_l2_norm=28754079$46612463	VSM_sim=cosine_up=tfidf_ip=binary_load=ItemAttributes	MAP	0.1223562420443606
VSM_sim=cosine_up=tfidf_ip=binary_load=ItemAttributes	EASER_neighborhood=1507_l2_norm=28754079$46612463	MAP	0.1223562420443606
EASER_neighborhood=1507_l2_norm=28754079$46612463	VSM_sim=cosine_up=tfidf_ip=binary_load=ItemAttributes	MAR	0.14359271599764664
VSM_sim=cosine_up=tfidf_ip=binary_load=ItemAttributes	EASER_neighborhood=1507_l2_norm=28754079$46612463	MAR	0.14359271599764664
EASER_neighborhood=1507_l2_norm=28754079$46612463	VSM_sim=cosine_up=tfidf_ip=binary_load=ItemAttributes	MRR	0.18567653536568451
VSM_sim=cosine_up=tfidf_ip=binary_load=ItemAttributes	EASER_neighborhood=1507_l2_norm=28754079$46612463	MRR	0.18567653536568451
EASER_neighborhood=1507_l2_norm=28754079$46612463	VSM_sim=cosine_up=tfidf_ip=binary_load=ItemAttributes	ACLT	6.413597274866531e-75
VSM_sim=cosine_up=tfidf_ip=binary_load=ItemAttributes	EASER_neighborhood=1507_l2_norm=28754079$46612463	ACLT	6.413597274866531e-75
EASER_neighborhood=1507_l2_norm=28754079$46612463	VSM_sim=cosine_up=tfidf_ip=binary_load=ItemAttributes	APLT	6.3032851876881e-75
VSM_sim=cosine_up=tfidf_ip=binary_load=ItemAttributes	EASER_neighborhood=1507_l2_norm=28754079$46612463	APLT	6.3032851876881e-75
EASER_neighborhood=1507_l2_norm=28754079$46612463	VSM_sim=cosine_up=tfidf_ip=binary_load=ItemAttributes	ARP	1.0501360232505771e-82
VSM_sim=cosine_up=tfidf_ip=binary_load=ItemAttributes	EASER_neighborhood=1507_l2_norm=28754079$46612463	ARP	1.0501360232505771e-82
EASER_neighborhood=1507_l2_norm=28754079$46612463	VSM_sim=cosine_up=tfidf_ip=binary_load=ItemAttributes	EFD	3.1481999384666926e-05
VSM_sim=cosine_up=tfidf_ip=binary_load=ItemAttributes	EASER_neighborhood=1507_l2_norm=28754079$46612463	EFD	3.1481999384666926e-05
EASER_neighborhood=1507_l2_norm=28754079$46612463	VSM_sim=cosine_up=tfidf_ip=binary_load=ItemAttributes	EPC	0.0008143317207744059
VSM_sim=cosine_up=tfidf_ip=binary_load=ItemAttributes	EASER_neighborhood=1507_l2_norm=28754079$46612463	EPC	0.0008143317207744059
EASER_neighborhood=1507_l2_norm=28754079$46612463	Random_seed=42	nDCG	7.50185532205394e-63
Random_seed=42	EASER_neighborhood=1507_l2_norm=28754079$46612463	nDCG	7.50185532205394e-63
EASER_neighborhood=1507_l2_norm=28754079$46612463	Random_seed=42	Recall	1.841839316730341e-64
Random_seed=42	EASER_neighborhood=1507_l2_norm=28754079$46612463	Recall	1.841839316730341e-64
EASER_neighborhood=1507_l2_norm=28754079$46612463	Random_seed=42	Precision	7.713573688992955e-67
Random_seed=42	EASER_neighborhood=1507_l2_norm=28754079$46612463	Precision	7.713573688992955e-67
EASER_neighborhood=1507_l2_norm=28754079$46612463	Random_seed=42	nDCGRendle2020	1.8913444580684745e-66
Random_seed=42	EASER_neighborhood=1507_l2_norm=28754079$46612463	nDCGRendle2020	1.8913444580684745e-66
EASER_neighborhood=1507_l2_norm=28754079$46612463	Random_seed=42	HR	3.026106191330981e-73
Random_seed=42	EASER_neighborhood=1507_l2_norm=28754079$46612463	HR	3.026106191330981e-73
EASER_neighborhood=1507_l2_norm=28754079$46612463	Random_seed=42	F1	1.442510172964044e-64
Random_seed=42	EASER_neighborhood=1507_l2_norm=28754079$46612463	F1	1.442510172964044e-64
EASER_neighborhood=1507_l2_norm=28754079$46612463	Random_seed=42	MAP	9.844448219404114e-51
Random_seed=42	EASER_neighborhood=1507_l2_norm=28754079$46612463	MAP	9.844448219404114e-51
EASER_neighborhood=1507_l2_norm=28754079$46612463	Random_seed=42	MAR	1.7173650097243782e-54
Random_seed=42	EASER_neighborhood=1507_l2_norm=28754079$46612463	MAR	1.7173650097243782e-54
EASER_neighborhood=1507_l2_norm=28754079$46612463	Random_seed=42	MRR	2.339136759464945e-50
Random_seed=42	EASER_neighborhood=1507_l2_norm=28754079$46612463	MRR	2.339136759464945e-50
EASER_neighborhood=1507_l2_norm=28754079$46612463	Random_seed=42	ACLT	6.3173229294153535e-83
Random_seed=42	EASER_neighborhood=1507_l2_norm=28754079$46612463	ACLT	6.3173229294153535e-83
EASER_neighborhood=1507_l2_norm=28754079$46612463	Random_seed=42	APLT	6.815711245354308e-83
Random_seed=42	EASER_neighborhood=1507_l2_norm=28754079$46612463	APLT	6.815711245354308e-83
EASER_neighborhood=1507_l2_norm=28754079$46612463	Random_seed=42	ARP	8.288133073090661e-83
Random_seed=42	EASER_neighborhood=1507_l2_norm=28754079$46612463	ARP	8.288133073090661e-83
EASER_neighborhood=1507_l2_norm=28754079$46612463	Random_seed=42	EFD	1.5327398284438553e-64
Random_seed=42	EASER_neighborhood=1507_l2_norm=28754079$46612463	EFD	1.5327398284438553e-64
EASER_neighborhood=1507_l2_norm=28754079$46612463	Random_seed=42	EPC	2.419922311335805e-66
Random_seed=42	EASER_neighborhood=1507_l2_norm=28754079$46612463	EPC	2.419922311335805e-66
EASER_neighborhood=1507_l2_norm=28754079$46612463	AttributeItemKNN_nn=40_sim=correlation_bin=False_load=ItemAttributes	nDCG	0.000497931257143138
AttributeItemKNN_nn=40_sim=correlation_bin=False_load=ItemAttributes	EASER_neighborhood=1507_l2_norm=28754079$46612463	nDCG	0.000497931257143138
EASER_neighborhood=1507_l2_norm=28754079$46612463	AttributeItemKNN_nn=40_sim=correlation_bin=False_load=ItemAttributes	Recall	8.604325127112186e-06
AttributeItemKNN_nn=40_sim=correlation_bin=False_load=ItemAttributes	EASER_neighborhood=1507_l2_norm=28754079$46612463	Recall	8.604325127112186e-06
EASER_neighborhood=1507_l2_norm=28754079$46612463	AttributeItemKNN_nn=40_sim=correlation_bin=False_load=ItemAttributes	Precision	5.826687388550412e-05
AttributeItemKNN_nn=40_sim=correlation_bin=False_load=ItemAttributes	EASER_neighborhood=1507_l2_norm=28754079$46612463	Precision	5.826687388550412e-05
EASER_neighborhood=1507_l2_norm=28754079$46612463	AttributeItemKNN_nn=40_sim=correlation_bin=False_load=ItemAttributes	nDCGRendle2020	0.0007693141813894423
AttributeItemKNN_nn=40_sim=correlation_bin=False_load=ItemAttributes	EASER_neighborhood=1507_l2_norm=28754079$46612463	nDCGRendle2020	0.0007693141813894423
EASER_neighborhood=1507_l2_norm=28754079$46612463	AttributeItemKNN_nn=40_sim=correlation_bin=False_load=ItemAttributes	HR	0.6920614909359382
AttributeItemKNN_nn=40_sim=correlation_bin=False_load=ItemAttributes	EASER_neighborhood=1507_l2_norm=28754079$46612463	HR	0.6920614909359382
EASER_neighborhood=1507_l2_norm=28754079$46612463	AttributeItemKNN_nn=40_sim=correlation_bin=False_load=ItemAttributes	F1	6.696157810391091e-06
AttributeItemKNN_nn=40_sim=correlation_bin=False_load=ItemAttributes	EASER_neighborhood=1507_l2_norm=28754079$46612463	F1	6.696157810391091e-06
EASER_neighborhood=1507_l2_norm=28754079$46612463	AttributeItemKNN_nn=40_sim=correlation_bin=False_load=ItemAttributes	MAP	0.308506921878965
AttributeItemKNN_nn=40_sim=correlation_bin=False_load=ItemAttributes	EASER_neighborhood=1507_l2_norm=28754079$46612463	MAP	0.308506921878965
EASER_neighborhood=1507_l2_norm=28754079$46612463	AttributeItemKNN_nn=40_sim=correlation_bin=False_load=ItemAttributes	MAR	0.13940731144965002
AttributeItemKNN_nn=40_sim=correlation_bin=False_load=ItemAttributes	EASER_neighborhood=1507_l2_norm=28754079$46612463	MAR	0.13940731144965002
EASER_neighborhood=1507_l2_norm=28754079$46612463	AttributeItemKNN_nn=40_sim=correlation_bin=False_load=ItemAttributes	MRR	0.7764164853976379
AttributeItemKNN_nn=40_sim=correlation_bin=False_load=ItemAttributes	EASER_neighborhood=1507_l2_norm=28754079$46612463	MRR	0.7764164853976379
EASER_neighborhood=1507_l2_norm=28754079$46612463	AttributeItemKNN_nn=40_sim=correlation_bin=False_load=ItemAttributes	ACLT	7.647557089529225e-83
AttributeItemKNN_nn=40_sim=correlation_bin=False_load=ItemAttributes	EASER_neighborhood=1507_l2_norm=28754079$46612463	ACLT	7.647557089529225e-83
EASER_neighborhood=1507_l2_norm=28754079$46612463	AttributeItemKNN_nn=40_sim=correlation_bin=False_load=ItemAttributes	APLT	7.891256929442064e-83
AttributeItemKNN_nn=40_sim=correlation_bin=False_load=ItemAttributes	EASER_neighborhood=1507_l2_norm=28754079$46612463	APLT	7.891256929442064e-83
EASER_neighborhood=1507_l2_norm=28754079$46612463	AttributeItemKNN_nn=40_sim=correlation_bin=False_load=ItemAttributes	ARP	8.288018837564361e-83
AttributeItemKNN_nn=40_sim=correlation_bin=False_load=ItemAttributes	EASER_neighborhood=1507_l2_norm=28754079$46612463	ARP	8.288018837564361e-83
EASER_neighborhood=1507_l2_norm=28754079$46612463	AttributeItemKNN_nn=40_sim=correlation_bin=False_load=ItemAttributes	EFD	3.2695115881284473e-09
AttributeItemKNN_nn=40_sim=correlation_bin=False_load=ItemAttributes	EASER_neighborhood=1507_l2_norm=28754079$46612463	EFD	3.2695115881284473e-09
EASER_neighborhood=1507_l2_norm=28754079$46612463	AttributeItemKNN_nn=40_sim=correlation_bin=False_load=ItemAttributes	EPC	4.8855515781894244e-05
AttributeItemKNN_nn=40_sim=correlation_bin=False_load=ItemAttributes	EASER_neighborhood=1507_l2_norm=28754079$46612463	EPC	4.8855515781894244e-05
EASER_neighborhood=1507_l2_norm=28754079$46612463	ItemKNN_nn=100_sim=cosine_imp=standard_bin=False_shrink=0_norm=True_asymalpha=_tvalpha=_tvbeta=_rweights=	nDCG	1.046076824014126e-09
ItemKNN_nn=100_sim=cosine_imp=standard_bin=False_shrink=0_norm=True_asymalpha=_tvalpha=_tvbeta=_rweights=	EASER_neighborhood=1507_l2_norm=28754079$46612463	nDCG	1.046076824014126e-09
EASER_neighborhood=1507_l2_norm=28754079$46612463	ItemKNN_nn=100_sim=cosine_imp=standard_bin=False_shrink=0_norm=True_asymalpha=_tvalpha=_tvbeta=_rweights=	Recall	4.1423643853613296e-16
ItemKNN_nn=100_sim=cosine_imp=standard_bin=False_shrink=0_norm=True_asymalpha=_tvalpha=_tvbeta=_rweights=	EASER_neighborhood=1507_l2_norm=28754079$46612463	Recall	4.1423643853613296e-16
EASER_neighborhood=1507_l2_norm=28754079$46612463	ItemKNN_nn=100_sim=cosine_imp=standard_bin=False_shrink=0_norm=True_asymalpha=_tvalpha=_tvbeta=_rweights=	Precision	3.4678127554136508e-15
ItemKNN_nn=100_sim=cosine_imp=standard_bin=False_shrink=0_norm=True_asymalpha=_tvalpha=_tvbeta=_rweights=	EASER_neighborhood=1507_l2_norm=28754079$46612463	Precision	3.4678127554136508e-15
EASER_neighborhood=1507_l2_norm=28754079$46612463	ItemKNN_nn=100_sim=cosine_imp=standard_bin=False_shrink=0_norm=True_asymalpha=_tvalpha=_tvbeta=_rweights=	nDCGRendle2020	1.477412771987321e-10
ItemKNN_nn=100_sim=cosine_imp=standard_bin=False_shrink=0_norm=True_asymalpha=_tvalpha=_tvbeta=_rweights=	EASER_neighborhood=1507_l2_norm=28754079$46612463	nDCGRendle2020	1.477412771987321e-10
EASER_neighborhood=1507_l2_norm=28754079$46612463	ItemKNN_nn=100_sim=cosine_imp=standard_bin=False_shrink=0_norm=True_asymalpha=_tvalpha=_tvbeta=_rweights=	HR	0.006067584966512876
ItemKNN_nn=100_sim=cosine_imp=standard_bin=False_shrink=0_norm=True_asymalpha=_tvalpha=_tvbeta=_rweights=	EASER_neighborhood=1507_l2_norm=28754079$46612463	HR	0.006067584966512876
EASER_neighborhood=1507_l2_norm=28754079$46612463	ItemKNN_nn=100_sim=cosine_imp=standard_bin=False_shrink=0_norm=True_asymalpha=_tvalpha=_tvbeta=_rweights=	F1	1.0289674223133459e-16
ItemKNN_nn=100_sim=cosine_imp=standard_bin=False_shrink=0_norm=True_asymalpha=_tvalpha=_tvbeta=_rweights=	EASER_neighborhood=1507_l2_norm=28754079$46612463	F1	1.0289674223133459e-16
EASER_neighborhood=1507_l2_norm=28754079$46612463	ItemKNN_nn=100_sim=cosine_imp=standard_bin=False_shrink=0_norm=True_asymalpha=_tvalpha=_tvbeta=_rweights=	MAP	0.024362740005687375
ItemKNN_nn=100_sim=cosine_imp=standard_bin=False_shrink=0_norm=True_asymalpha=_tvalpha=_tvbeta=_rweights=	EASER_neighborhood=1507_l2_norm=28754079$46612463	MAP	0.024362740005687375
EASER_neighborhood=1507_l2_norm=28754079$46612463	ItemKNN_nn=100_sim=cosine_imp=standard_bin=False_shrink=0_norm=True_asymalpha=_tvalpha=_tvbeta=_rweights=	MAR	0.0024774814668026626
ItemKNN_nn=100_sim=cosine_imp=standard_bin=False_shrink=0_norm=True_asymalpha=_tvalpha=_tvbeta=_rweights=	EASER_neighborhood=1507_l2_norm=28754079$46612463	MAR	0.0024774814668026626
EASER_neighborhood=1507_l2_norm=28754079$46612463	ItemKNN_nn=100_sim=cosine_imp=standard_bin=False_shrink=0_norm=True_asymalpha=_tvalpha=_tvbeta=_rweights=	MRR	0.11374210370269566
ItemKNN_nn=100_sim=cosine_imp=standard_bin=False_shrink=0_norm=True_asymalpha=_tvalpha=_tvbeta=_rweights=	EASER_neighborhood=1507_l2_norm=28754079$46612463	MRR	0.11374210370269566
EASER_neighborhood=1507_l2_norm=28754079$46612463	ItemKNN_nn=100_sim=cosine_imp=standard_bin=False_shrink=0_norm=True_asymalpha=_tvalpha=_tvbeta=_rweights=	ACLT	1.0198907316304571e-81
ItemKNN_nn=100_sim=cosine_imp=standard_bin=False_shrink=0_norm=True_asymalpha=_tvalpha=_tvbeta=_rweights=	EASER_neighborhood=1507_l2_norm=28754079$46612463	ACLT	1.0198907316304571e-81
EASER_neighborhood=1507_l2_norm=28754079$46612463	ItemKNN_nn=100_sim=cosine_imp=standard_bin=False_shrink=0_norm=True_asymalpha=_tvalpha=_tvbeta=_rweights=	APLT	1.072825978783683e-81
ItemKNN_nn=100_sim=cosine_imp=standard_bin=False_shrink=0_norm=True_asymalpha=_tvalpha=_tvbeta=_rweights=	EASER_neighborhood=1507_l2_norm=28754079$46612463	APLT	1.072825978783683e-81
EASER_neighborhood=1507_l2_norm=28754079$46612463	ItemKNN_nn=100_sim=cosine_imp=standard_bin=False_shrink=0_norm=True_asymalpha=_tvalpha=_tvbeta=_rweights=	ARP	8.288152112496627e-83
ItemKNN_nn=100_sim=cosine_imp=standard_bin=False_shrink=0_norm=True_asymalpha=_tvalpha=_tvbeta=_rweights=	EASER_neighborhood=1507_l2_norm=28754079$46612463	ARP	8.288152112496627e-83
EASER_neighborhood=1507_l2_norm=28754079$46612463	ItemKNN_nn=100_sim=cosine_imp=standard_bin=False_shrink=0_norm=True_asymalpha=_tvalpha=_tvbeta=_rweights=	EFD	8.61800259442116e-18
ItemKNN_nn=100_sim=cosine_imp=standard_bin=False_shrink=0_norm=True_asymalpha=_tvalpha=_tvbeta=_rweights=	EASER_neighborhood=1507_l2_norm=28754079$46612463	EFD	8.61800259442116e-18
EASER_neighborhood=1507_l2_norm=28754079$46612463	ItemKNN_nn=100_sim=cosine_imp=standard_bin=False_shrink=0_norm=True_asymalpha=_tvalpha=_tvbeta=_rweights=	EPC	2.193269965461115e-12
ItemKNN_nn=100_sim=cosine_imp=standard_bin=False_shrink=0_norm=True_asymalpha=_tvalpha=_tvbeta=_rweights=	EASER_neighborhood=1507_l2_norm=28754079$46612463	EPC	2.193269965461115e-12
EASER_neighborhood=1507_l2_norm=28754079$46612463	RP3beta_neighborhood=507_alpha=1$0180281935718316_beta=0$41875971052261285_normalize_similarity=True	nDCG	3.163446976723162e-20
RP3beta_neighborhood=507_alpha=1$0180281935718316_beta=0$41875971052261285_normalize_similarity=True	EASER_neighborhood=1507_l2_norm=28754079$46612463	nDCG	3.163446976723162e-20
EASER_neighborhood=1507_l2_norm=28754079$46612463	RP3beta_neighborhood=507_alpha=1$0180281935718316_beta=0$41875971052261285_normalize_similarity=True	Recall	3.7378799817284945e-27
RP3beta_neighborhood=507_alpha=1$0180281935718316_beta=0$41875971052261285_normalize_similarity=True	EASER_neighborhood=1507_l2_norm=28754079$46612463	Recall	3.7378799817284945e-27
EASER_neighborhood=1507_l2_norm=28754079$46612463	RP3beta_neighborhood=507_alpha=1$0180281935718316_beta=0$41875971052261285_normalize_similarity=True	Precision	1.4886309653526042e-25
RP3beta_neighborhood=507_alpha=1$0180281935718316_beta=0$41875971052261285_normalize_similarity=True	EASER_neighborhood=1507_l2_norm=28754079$46612463	Precision	1.4886309653526042e-25
EASER_neighborhood=1507_l2_norm=28754079$46612463	RP3beta_neighborhood=507_alpha=1$0180281935718316_beta=0$41875971052261285_normalize_similarity=True	nDCGRendle2020	1.3487598243006477e-20
RP3beta_neighborhood=507_alpha=1$0180281935718316_beta=0$41875971052261285_normalize_similarity=True	EASER_neighborhood=1507_l2_norm=28754079$46612463	nDCGRendle2020	1.3487598243006477e-20
EASER_neighborhood=1507_l2_norm=28754079$46612463	RP3beta_neighborhood=507_alpha=1$0180281935718316_beta=0$41875971052261285_normalize_similarity=True	HR	5.887764274517265e-08
RP3beta_neighborhood=507_alpha=1$0180281935718316_beta=0$41875971052261285_normalize_similarity=True	EASER_neighborhood=1507_l2_norm=28754079$46612463	HR	5.887764274517265e-08
EASER_neighborhood=1507_l2_norm=28754079$46612463	RP3beta_neighborhood=507_alpha=1$0180281935718316_beta=0$41875971052261285_normalize_similarity=True	F1	5.768773590735256e-28
RP3beta_neighborhood=507_alpha=1$0180281935718316_beta=0$41875971052261285_normalize_similarity=True	EASER_neighborhood=1507_l2_norm=28754079$46612463	F1	5.768773590735256e-28
EASER_neighborhood=1507_l2_norm=28754079$46612463	RP3beta_neighborhood=507_alpha=1$0180281935718316_beta=0$41875971052261285_normalize_similarity=True	MAP	1.3373033987675994e-05
RP3beta_neighborhood=507_alpha=1$0180281935718316_beta=0$41875971052261285_normalize_similarity=True	EASER_neighborhood=1507_l2_norm=28754079$46612463	MAP	1.3373033987675994e-05
EASER_neighborhood=1507_l2_norm=28754079$46612463	RP3beta_neighborhood=507_alpha=1$0180281935718316_beta=0$41875971052261285_normalize_similarity=True	MAR	2.2804882497634817e-07
RP3beta_neighborhood=507_alpha=1$0180281935718316_beta=0$41875971052261285_normalize_similarity=True	EASER_neighborhood=1507_l2_norm=28754079$46612463	MAR	2.2804882497634817e-07
EASER_neighborhood=1507_l2_norm=28754079$46612463	RP3beta_neighborhood=507_alpha=1$0180281935718316_beta=0$41875971052261285_normalize_similarity=True	MRR	0.001306468982506257
RP3beta_neighborhood=507_alpha=1$0180281935718316_beta=0$41875971052261285_normalize_similarity=True	EASER_neighborhood=1507_l2_norm=28754079$46612463	MRR	0.001306468982506257
EASER_neighborhood=1507_l2_norm=28754079$46612463	RP3beta_neighborhood=507_alpha=1$0180281935718316_beta=0$41875971052261285_normalize_similarity=True	ACLT	2.0548170610878727e-80
RP3beta_neighborhood=507_alpha=1$0180281935718316_beta=0$41875971052261285_normalize_similarity=True	EASER_neighborhood=1507_l2_norm=28754079$46612463	ACLT	2.0548170610878727e-80
EASER_neighborhood=1507_l2_norm=28754079$46612463	RP3beta_neighborhood=507_alpha=1$0180281935718316_beta=0$41875971052261285_normalize_similarity=True	APLT	2.141268285435134e-80
RP3beta_neighborhood=507_alpha=1$0180281935718316_beta=0$41875971052261285_normalize_similarity=True	EASER_neighborhood=1507_l2_norm=28754079$46612463	APLT	2.141268285435134e-80
EASER_neighborhood=1507_l2_norm=28754079$46612463	RP3beta_neighborhood=507_alpha=1$0180281935718316_beta=0$41875971052261285_normalize_similarity=True	ARP	8.288075955132348e-83
RP3beta_neighborhood=507_alpha=1$0180281935718316_beta=0$41875971052261285_normalize_similarity=True	EASER_neighborhood=1507_l2_norm=28754079$46612463	ARP	8.288075955132348e-83
EASER_neighborhood=1507_l2_norm=28754079$46612463	RP3beta_neighborhood=507_alpha=1$0180281935718316_beta=0$41875971052261285_normalize_similarity=True	EFD	5.934842958598704e-26
RP3beta_neighborhood=507_alpha=1$0180281935718316_beta=0$41875971052261285_normalize_similarity=True	EASER_neighborhood=1507_l2_norm=28754079$46612463	EFD	5.934842958598704e-26
EASER_neighborhood=1507_l2_norm=28754079$46612463	RP3beta_neighborhood=507_alpha=1$0180281935718316_beta=0$41875971052261285_normalize_similarity=True	EPC	5.013805295758692e-22
RP3beta_neighborhood=507_alpha=1$0180281935718316_beta=0$41875971052261285_normalize_similarity=True	EASER_neighborhood=1507_l2_norm=28754079$46612463	EPC	5.013805295758692e-22
EASER_neighborhood=1507_l2_norm=28754079$46612463	MostPop	nDCG	2.0307461508239452e-35
MostPop	EASER_neighborhood=1507_l2_norm=28754079$46612463	nDCG	2.0307461508239452e-35
EASER_neighborhood=1507_l2_norm=28754079$46612463	MostPop	Recall	3.648042069722784e-48
MostPop	EASER_neighborhood=1507_l2_norm=28754079$46612463	Recall	3.648042069722784e-48
EASER_neighborhood=1507_l2_norm=28754079$46612463	MostPop	Precision	4.6371757478684636e-49
MostPop	EASER_neighborhood=1507_l2_norm=28754079$46612463	Precision	4.6371757478684636e-49
EASER_neighborhood=1507_l2_norm=28754079$46612463	MostPop	nDCGRendle2020	3.0663860584233506e-40
MostPop	EASER_neighborhood=1507_l2_norm=28754079$46612463	nDCGRendle2020	3.0663860584233506e-40
EASER_neighborhood=1507_l2_norm=28754079$46612463	MostPop	HR	1.2234328799099408e-38
MostPop	EASER_neighborhood=1507_l2_norm=28754079$46612463	HR	1.2234328799099408e-38
EASER_neighborhood=1507_l2_norm=28754079$46612463	MostPop	F1	1.1729826897882982e-47
MostPop	EASER_neighborhood=1507_l2_norm=28754079$46612463	F1	1.1729826897882982e-47
EASER_neighborhood=1507_l2_norm=28754079$46612463	MostPop	MAP	3.226273168903893e-11
MostPop	EASER_neighborhood=1507_l2_norm=28754079$46612463	MAP	3.226273168903893e-11
EASER_neighborhood=1507_l2_norm=28754079$46612463	MostPop	MAR	9.472295371531099e-18
MostPop	EASER_neighborhood=1507_l2_norm=28754079$46612463	MAR	9.472295371531099e-18
EASER_neighborhood=1507_l2_norm=28754079$46612463	MostPop	MRR	1.4332174817428711e-10
MostPop	EASER_neighborhood=1507_l2_norm=28754079$46612463	MRR	1.4332174817428711e-10
EASER_neighborhood=1507_l2_norm=28754079$46612463	MostPop	ACLT	1.0207984395037442e-35
MostPop	EASER_neighborhood=1507_l2_norm=28754079$46612463	ACLT	1.0207984395037442e-35
EASER_neighborhood=1507_l2_norm=28754079$46612463	MostPop	APLT	1.0207984395037442e-35
MostPop	EASER_neighborhood=1507_l2_norm=28754079$46612463	APLT	1.0207984395037442e-35
EASER_neighborhood=1507_l2_norm=28754079$46612463	MostPop	ARP	8.288018837564361e-83
MostPop	EASER_neighborhood=1507_l2_norm=28754079$46612463	ARP	8.288018837564361e-83
EASER_neighborhood=1507_l2_norm=28754079$46612463	MostPop	EFD	1.79045656313241e-42
MostPop	EASER_neighborhood=1507_l2_norm=28754079$46612463	EFD	1.79045656313241e-42
EASER_neighborhood=1507_l2_norm=28754079$46612463	MostPop	EPC	8.75598502076625e-41
MostPop	EASER_neighborhood=1507_l2_norm=28754079$46612463	EPC	8.75598502076625e-41
VSM_sim=cosine_up=tfidf_ip=binary_load=ItemAttributes	Random_seed=42	nDCG	3.0707536926936793e-68
Random_seed=42	VSM_sim=cosine_up=tfidf_ip=binary_load=ItemAttributes	nDCG	3.0707536926936793e-68
VSM_sim=cosine_up=tfidf_ip=binary_load=ItemAttributes	Random_seed=42	Recall	2.756758793740629e-69
Random_seed=42	VSM_sim=cosine_up=tfidf_ip=binary_load=ItemAttributes	Recall	2.756758793740629e-69
VSM_sim=cosine_up=tfidf_ip=binary_load=ItemAttributes	Random_seed=42	Precision	2.2849246129421204e-70
Random_seed=42	VSM_sim=cosine_up=tfidf_ip=binary_load=ItemAttributes	Precision	2.2849246129421204e-70
VSM_sim=cosine_up=tfidf_ip=binary_load=ItemAttributes	Random_seed=42	nDCGRendle2020	6.910610489154906e-70
Random_seed=42	VSM_sim=cosine_up=tfidf_ip=binary_load=ItemAttributes	nDCGRendle2020	6.910610489154906e-70
VSM_sim=cosine_up=tfidf_ip=binary_load=ItemAttributes	Random_seed=42	HR	9.233359534393186e-77
Random_seed=42	VSM_sim=cosine_up=tfidf_ip=binary_load=ItemAttributes	HR	9.233359534393186e-77
VSM_sim=cosine_up=tfidf_ip=binary_load=ItemAttributes	Random_seed=42	F1	2.7620592878087863e-69
Random_seed=42	VSM_sim=cosine_up=tfidf_ip=binary_load=ItemAttributes	F1	2.7620592878087863e-69
VSM_sim=cosine_up=tfidf_ip=binary_load=ItemAttributes	Random_seed=42	MAP	2.317210650297877e-54
Random_seed=42	VSM_sim=cosine_up=tfidf_ip=binary_load=ItemAttributes	MAP	2.317210650297877e-54
VSM_sim=cosine_up=tfidf_ip=binary_load=ItemAttributes	Random_seed=42	MAR	1.5679440074356117e-58
Random_seed=42	VSM_sim=cosine_up=tfidf_ip=binary_load=ItemAttributes	MAR	1.5679440074356117e-58
VSM_sim=cosine_up=tfidf_ip=binary_load=ItemAttributes	Random_seed=42	MRR	5.842126221795953e-53
Random_seed=42	VSM_sim=cosine_up=tfidf_ip=binary_load=ItemAttributes	MRR	5.842126221795953e-53
VSM_sim=cosine_up=tfidf_ip=binary_load=ItemAttributes	Random_seed=42	ACLT	6.912624928750438e-82
Random_seed=42	VSM_sim=cosine_up=tfidf_ip=binary_load=ItemAttributes	ACLT	6.912624928750438e-82
VSM_sim=cosine_up=tfidf_ip=binary_load=ItemAttributes	Random_seed=42	APLT	7.55659124011882e-82
Random_seed=42	VSM_sim=cosine_up=tfidf_ip=binary_load=ItemAttributes	APLT	7.55659124011882e-82
VSM_sim=cosine_up=tfidf_ip=binary_load=ItemAttributes	Random_seed=42	ARP	4.437320296154384e-82
Random_seed=42	VSM_sim=cosine_up=tfidf_ip=binary_load=ItemAttributes	ARP	4.437320296154384e-82
VSM_sim=cosine_up=tfidf_ip=binary_load=ItemAttributes	Random_seed=42	EFD	1.2927602979341742e-68
Random_seed=42	VSM_sim=cosine_up=tfidf_ip=binary_load=ItemAttributes	EFD	1.2927602979341742e-68
VSM_sim=cosine_up=tfidf_ip=binary_load=ItemAttributes	Random_seed=42	EPC	1.7849056285553258e-69
Random_seed=42	VSM_sim=cosine_up=tfidf_ip=binary_load=ItemAttributes	EPC	1.7849056285553258e-69
VSM_sim=cosine_up=tfidf_ip=binary_load=ItemAttributes	AttributeItemKNN_nn=40_sim=correlation_bin=False_load=ItemAttributes	nDCG	0.554305140145227
AttributeItemKNN_nn=40_sim=correlation_bin=False_load=ItemAttributes	VSM_sim=cosine_up=tfidf_ip=binary_load=ItemAttributes	nDCG	0.554305140145227
VSM_sim=cosine_up=tfidf_ip=binary_load=ItemAttributes	AttributeItemKNN_nn=40_sim=correlation_bin=False_load=ItemAttributes	Recall	0.08167374833437568
AttributeItemKNN_nn=40_sim=correlation_bin=False_load=ItemAttributes	VSM_sim=cosine_up=tfidf_ip=binary_load=ItemAttributes	Recall	0.08167374833437568
VSM_sim=cosine_up=tfidf_ip=binary_load=ItemAttributes	AttributeItemKNN_nn=40_sim=correlation_bin=False_load=ItemAttributes	Precision	0.20566605772580293
AttributeItemKNN_nn=40_sim=correlation_bin=False_load=ItemAttributes	VSM_sim=cosine_up=tfidf_ip=binary_load=ItemAttributes	Precision	0.20566605772580293
VSM_sim=cosine_up=tfidf_ip=binary_load=ItemAttributes	AttributeItemKNN_nn=40_sim=correlation_bin=False_load=ItemAttributes	nDCGRendle2020	0.4910356334895669
AttributeItemKNN_nn=40_sim=correlation_bin=False_load=ItemAttributes	VSM_sim=cosine_up=tfidf_ip=binary_load=ItemAttributes	nDCGRendle2020	0.4910356334895669
VSM_sim=cosine_up=tfidf_ip=binary_load=ItemAttributes	AttributeItemKNN_nn=40_sim=correlation_bin=False_load=ItemAttributes	HR	0.13113050286965086
AttributeItemKNN_nn=40_sim=correlation_bin=False_load=ItemAttributes	VSM_sim=cosine_up=tfidf_ip=binary_load=ItemAttributes	HR	0.13113050286965086
VSM_sim=cosine_up=tfidf_ip=binary_load=ItemAttributes	AttributeItemKNN_nn=40_sim=correlation_bin=False_load=ItemAttributes	F1	0.0990191444491729
AttributeItemKNN_nn=40_sim=correlation_bin=False_load=ItemAttributes	VSM_sim=cosine_up=tfidf_ip=binary_load=ItemAttributes	F1	0.0990191444491729
VSM_sim=cosine_up=tfidf_ip=binary_load=ItemAttributes	AttributeItemKNN_nn=40_sim=correlation_bin=False_load=ItemAttributes	MAP	0.8543917808938463
AttributeItemKNN_nn=40_sim=correlation_bin=False_load=ItemAttributes	VSM_sim=cosine_up=tfidf_ip=binary_load=ItemAttributes	MAP	0.8543917808938463
VSM_sim=cosine_up=tfidf_ip=binary_load=ItemAttributes	AttributeItemKNN_nn=40_sim=correlation_bin=False_load=ItemAttributes	MAR	0.681270106789508
AttributeItemKNN_nn=40_sim=correlation_bin=False_load=ItemAttributes	VSM_sim=cosine_up=tfidf_ip=binary_load=ItemAttributes	MAR	0.681270106789508
VSM_sim=cosine_up=tfidf_ip=binary_load=ItemAttributes	AttributeItemKNN_nn=40_sim=correlation_bin=False_load=ItemAttributes	MRR	0.4319511544267519
AttributeItemKNN_nn=40_sim=correlation_bin=False_load=ItemAttributes	VSM_sim=cosine_up=tfidf_ip=binary_load=ItemAttributes	MRR	0.4319511544267519
VSM_sim=cosine_up=tfidf_ip=binary_load=ItemAttributes	AttributeItemKNN_nn=40_sim=correlation_bin=False_load=ItemAttributes	ACLT	1.9549456668328228e-82
AttributeItemKNN_nn=40_sim=correlation_bin=False_load=ItemAttributes	VSM_sim=cosine_up=tfidf_ip=binary_load=ItemAttributes	ACLT	1.9549456668328228e-82
VSM_sim=cosine_up=tfidf_ip=binary_load=ItemAttributes	AttributeItemKNN_nn=40_sim=correlation_bin=False_load=ItemAttributes	APLT	2.073945210188765e-82
AttributeItemKNN_nn=40_sim=correlation_bin=False_load=ItemAttributes	VSM_sim=cosine_up=tfidf_ip=binary_load=ItemAttributes	APLT	2.073945210188765e-82
VSM_sim=cosine_up=tfidf_ip=binary_load=ItemAttributes	AttributeItemKNN_nn=40_sim=correlation_bin=False_load=ItemAttributes	ARP	8.806681657686723e-83
AttributeItemKNN_nn=40_sim=correlation_bin=False_load=ItemAttributes	VSM_sim=cosine_up=tfidf_ip=binary_load=ItemAttributes	ARP	8.806681657686723e-83
VSM_sim=cosine_up=tfidf_ip=binary_load=ItemAttributes	AttributeItemKNN_nn=40_sim=correlation_bin=False_load=ItemAttributes	EFD	0.014016668230678426
AttributeItemKNN_nn=40_sim=correlation_bin=False_load=ItemAttributes	VSM_sim=cosine_up=tfidf_ip=binary_load=ItemAttributes	EFD	0.014016668230678426
VSM_sim=cosine_up=tfidf_ip=binary_load=ItemAttributes	AttributeItemKNN_nn=40_sim=correlation_bin=False_load=ItemAttributes	EPC	0.22289999904072577
AttributeItemKNN_nn=40_sim=correlation_bin=False_load=ItemAttributes	VSM_sim=cosine_up=tfidf_ip=binary_load=ItemAttributes	EPC	0.22289999904072577
VSM_sim=cosine_up=tfidf_ip=binary_load=ItemAttributes	ItemKNN_nn=100_sim=cosine_imp=standard_bin=False_shrink=0_norm=True_asymalpha=_tvalpha=_tvbeta=_rweights=	nDCG	0.003245902161398174
ItemKNN_nn=100_sim=cosine_imp=standard_bin=False_shrink=0_norm=True_asymalpha=_tvalpha=_tvbeta=_rweights=	VSM_sim=cosine_up=tfidf_ip=binary_load=ItemAttributes	nDCG	0.003245902161398174
VSM_sim=cosine_up=tfidf_ip=binary_load=ItemAttributes	ItemKNN_nn=100_sim=cosine_imp=standard_bin=False_shrink=0_norm=True_asymalpha=_tvalpha=_tvbeta=_rweights=	Recall	1.9183465567303557e-05
ItemKNN_nn=100_sim=cosine_imp=standard_bin=False_shrink=0_norm=True_asymalpha=_tvalpha=_tvbeta=_rweights=	VSM_sim=cosine_up=tfidf_ip=binary_load=ItemAttributes	Recall	1.9183465567303557e-05
VSM_sim=cosine_up=tfidf_ip=binary_load=ItemAttributes	ItemKNN_nn=100_sim=cosine_imp=standard_bin=False_shrink=0_norm=True_asymalpha=_tvalpha=_tvbeta=_rweights=	Precision	3.5931633032388664e-06
ItemKNN_nn=100_sim=cosine_imp=standard_bin=False_shrink=0_norm=True_asymalpha=_tvalpha=_tvbeta=_rweights=	VSM_sim=cosine_up=tfidf_ip=binary_load=ItemAttributes	Precision	3.5931633032388664e-06
VSM_sim=cosine_up=tfidf_ip=binary_load=ItemAttributes	ItemKNN_nn=100_sim=cosine_imp=standard_bin=False_shrink=0_norm=True_asymalpha=_tvalpha=_tvbeta=_rweights=	nDCGRendle2020	0.003171137426100078
ItemKNN_nn=100_sim=cosine_imp=standard_bin=False_shrink=0_norm=True_asymalpha=_tvalpha=_tvbeta=_rweights=	VSM_sim=cosine_up=tfidf_ip=binary_load=ItemAttributes	nDCGRendle2020	0.003171137426100078
VSM_sim=cosine_up=tfidf_ip=binary_load=ItemAttributes	ItemKNN_nn=100_sim=cosine_imp=standard_bin=False_shrink=0_norm=True_asymalpha=_tvalpha=_tvbeta=_rweights=	HR	0.4250306527849277
ItemKNN_nn=100_sim=cosine_imp=standard_bin=False_shrink=0_norm=True_asymalpha=_tvalpha=_tvbeta=_rweights=	VSM_sim=cosine_up=tfidf_ip=binary_load=ItemAttributes	HR	0.4250306527849277
VSM_sim=cosine_up=tfidf_ip=binary_load=ItemAttributes	ItemKNN_nn=100_sim=cosine_imp=standard_bin=False_shrink=0_norm=True_asymalpha=_tvalpha=_tvbeta=_rweights=	F1	2.2615663267045463e-05
ItemKNN_nn=100_sim=cosine_imp=standard_bin=False_shrink=0_norm=True_asymalpha=_tvalpha=_tvbeta=_rweights=	VSM_sim=cosine_up=tfidf_ip=binary_load=ItemAttributes	F1	2.2615663267045463e-05
VSM_sim=cosine_up=tfidf_ip=binary_load=ItemAttributes	ItemKNN_nn=100_sim=cosine_imp=standard_bin=False_shrink=0_norm=True_asymalpha=_tvalpha=_tvbeta=_rweights=	MAP	0.24620679549207702
ItemKNN_nn=100_sim=cosine_imp=standard_bin=False_shrink=0_norm=True_asymalpha=_tvalpha=_tvbeta=_rweights=	VSM_sim=cosine_up=tfidf_ip=binary_load=ItemAttributes	MAP	0.24620679549207702
VSM_sim=cosine_up=tfidf_ip=binary_load=ItemAttributes	ItemKNN_nn=100_sim=cosine_imp=standard_bin=False_shrink=0_norm=True_asymalpha=_tvalpha=_tvbeta=_rweights=	MAR	0.15911504724019399
ItemKNN_nn=100_sim=cosine_imp=standard_bin=False_shrink=0_norm=True_asymalpha=_tvalpha=_tvbeta=_rweights=	VSM_sim=cosine_up=tfidf_ip=binary_load=ItemAttributes	MAR	0.15911504724019399
VSM_sim=cosine_up=tfidf_ip=binary_load=ItemAttributes	ItemKNN_nn=100_sim=cosine_imp=standard_bin=False_shrink=0_norm=True_asymalpha=_tvalpha=_tvbeta=_rweights=	MRR	0.8435165092344378
ItemKNN_nn=100_sim=cosine_imp=standard_bin=False_shrink=0_norm=True_asymalpha=_tvalpha=_tvbeta=_rweights=	VSM_sim=cosine_up=tfidf_ip=binary_load=ItemAttributes	MRR	0.8435165092344378
VSM_sim=cosine_up=tfidf_ip=binary_load=ItemAttributes	ItemKNN_nn=100_sim=cosine_imp=standard_bin=False_shrink=0_norm=True_asymalpha=_tvalpha=_tvbeta=_rweights=	ACLT	6.39152878029465e-78
ItemKNN_nn=100_sim=cosine_imp=standard_bin=False_shrink=0_norm=True_asymalpha=_tvalpha=_tvbeta=_rweights=	VSM_sim=cosine_up=tfidf_ip=binary_load=ItemAttributes	ACLT	6.39152878029465e-78
VSM_sim=cosine_up=tfidf_ip=binary_load=ItemAttributes	ItemKNN_nn=100_sim=cosine_imp=standard_bin=False_shrink=0_norm=True_asymalpha=_tvalpha=_tvbeta=_rweights=	APLT	5.024007245759043e-78
ItemKNN_nn=100_sim=cosine_imp=standard_bin=False_shrink=0_norm=True_asymalpha=_tvalpha=_tvbeta=_rweights=	VSM_sim=cosine_up=tfidf_ip=binary_load=ItemAttributes	APLT	5.024007245759043e-78
VSM_sim=cosine_up=tfidf_ip=binary_load=ItemAttributes	ItemKNN_nn=100_sim=cosine_imp=standard_bin=False_shrink=0_norm=True_asymalpha=_tvalpha=_tvbeta=_rweights=	ARP	1.396453177465909e-81
ItemKNN_nn=100_sim=cosine_imp=standard_bin=False_shrink=0_norm=True_asymalpha=_tvalpha=_tvbeta=_rweights=	VSM_sim=cosine_up=tfidf_ip=binary_load=ItemAttributes	ARP	1.396453177465909e-81
VSM_sim=cosine_up=tfidf_ip=binary_load=ItemAttributes	ItemKNN_nn=100_sim=cosine_imp=standard_bin=False_shrink=0_norm=True_asymalpha=_tvalpha=_tvbeta=_rweights=	EFD	3.3594472215841134e-05
ItemKNN_nn=100_sim=cosine_imp=standard_bin=False_shrink=0_norm=True_asymalpha=_tvalpha=_tvbeta=_rweights=	VSM_sim=cosine_up=tfidf_ip=binary_load=ItemAttributes	EFD	3.3594472215841134e-05
VSM_sim=cosine_up=tfidf_ip=binary_load=ItemAttributes	ItemKNN_nn=100_sim=cosine_imp=standard_bin=False_shrink=0_norm=True_asymalpha=_tvalpha=_tvbeta=_rweights=	EPC	0.00038711753295249466
ItemKNN_nn=100_sim=cosine_imp=standard_bin=False_shrink=0_norm=True_asymalpha=_tvalpha=_tvbeta=_rweights=	VSM_sim=cosine_up=tfidf_ip=binary_load=ItemAttributes	EPC	0.00038711753295249466
VSM_sim=cosine_up=tfidf_ip=binary_load=ItemAttributes	RP3beta_neighborhood=507_alpha=1$0180281935718316_beta=0$41875971052261285_normalize_similarity=True	nDCG	4.750167859553225e-06
RP3beta_neighborhood=507_alpha=1$0180281935718316_beta=0$41875971052261285_normalize_similarity=True	VSM_sim=cosine_up=tfidf_ip=binary_load=ItemAttributes	nDCG	4.750167859553225e-06
VSM_sim=cosine_up=tfidf_ip=binary_load=ItemAttributes	RP3beta_neighborhood=507_alpha=1$0180281935718316_beta=0$41875971052261285_normalize_similarity=True	Recall	1.865212341971558e-10
RP3beta_neighborhood=507_alpha=1$0180281935718316_beta=0$41875971052261285_normalize_similarity=True	VSM_sim=cosine_up=tfidf_ip=binary_load=ItemAttributes	Recall	1.865212341971558e-10
VSM_sim=cosine_up=tfidf_ip=binary_load=ItemAttributes	RP3beta_neighborhood=507_alpha=1$0180281935718316_beta=0$41875971052261285_normalize_similarity=True	Precision	3.238205401091368e-11
RP3beta_neighborhood=507_alpha=1$0180281935718316_beta=0$41875971052261285_normalize_similarity=True	VSM_sim=cosine_up=tfidf_ip=binary_load=ItemAttributes	Precision	3.238205401091368e-11
VSM_sim=cosine_up=tfidf_ip=binary_load=ItemAttributes	RP3beta_neighborhood=507_alpha=1$0180281935718316_beta=0$41875971052261285_normalize_similarity=True	nDCGRendle2020	1.5781133607906442e-06
RP3beta_neighborhood=507_alpha=1$0180281935718316_beta=0$41875971052261285_normalize_similarity=True	VSM_sim=cosine_up=tfidf_ip=binary_load=ItemAttributes	nDCGRendle2020	1.5781133607906442e-06
VSM_sim=cosine_up=tfidf_ip=binary_load=ItemAttributes	RP3beta_neighborhood=507_alpha=1$0180281935718316_beta=0$41875971052261285_normalize_similarity=True	HR	0.0016251517273099178
RP3beta_neighborhood=507_alpha=1$0180281935718316_beta=0$41875971052261285_normalize_similarity=True	VSM_sim=cosine_up=tfidf_ip=binary_load=ItemAttributes	HR	0.0016251517273099178
VSM_sim=cosine_up=tfidf_ip=binary_load=ItemAttributes	RP3beta_neighborhood=507_alpha=1$0180281935718316_beta=0$41875971052261285_normalize_similarity=True	F1	9.044046645892925e-11
RP3beta_neighborhood=507_alpha=1$0180281935718316_beta=0$41875971052261285_normalize_similarity=True	VSM_sim=cosine_up=tfidf_ip=binary_load=ItemAttributes	F1	9.044046645892925e-11
VSM_sim=cosine_up=tfidf_ip=binary_load=ItemAttributes	RP3beta_neighborhood=507_alpha=1$0180281935718316_beta=0$41875971052261285_normalize_similarity=True	MAP	0.09671233101974383
RP3beta_neighborhood=507_alpha=1$0180281935718316_beta=0$41875971052261285_normalize_similarity=True	VSM_sim=cosine_up=tfidf_ip=binary_load=ItemAttributes	MAP	0.09671233101974383
VSM_sim=cosine_up=tfidf_ip=binary_load=ItemAttributes	RP3beta_neighborhood=507_alpha=1$0180281935718316_beta=0$41875971052261285_normalize_similarity=True	MAR	0.007923436413725832
RP3beta_neighborhood=507_alpha=1$0180281935718316_beta=0$41875971052261285_normalize_similarity=True	VSM_sim=cosine_up=tfidf_ip=binary_load=ItemAttributes	MAR	0.007923436413725832
VSM_sim=cosine_up=tfidf_ip=binary_load=ItemAttributes	RP3beta_neighborhood=507_alpha=1$0180281935718316_beta=0$41875971052261285_normalize_similarity=True	MRR	0.46658572586524305
RP3beta_neighborhood=507_alpha=1$0180281935718316_beta=0$41875971052261285_normalize_similarity=True	VSM_sim=cosine_up=tfidf_ip=binary_load=ItemAttributes	MRR	0.46658572586524305
VSM_sim=cosine_up=tfidf_ip=binary_load=ItemAttributes	RP3beta_neighborhood=507_alpha=1$0180281935718316_beta=0$41875971052261285_normalize_similarity=True	ACLT	5.3210309091561154e-45
RP3beta_neighborhood=507_alpha=1$0180281935718316_beta=0$41875971052261285_normalize_similarity=True	VSM_sim=cosine_up=tfidf_ip=binary_load=ItemAttributes	ACLT	5.3210309091561154e-45
VSM_sim=cosine_up=tfidf_ip=binary_load=ItemAttributes	RP3beta_neighborhood=507_alpha=1$0180281935718316_beta=0$41875971052261285_normalize_similarity=True	APLT	3.193028487224075e-45
RP3beta_neighborhood=507_alpha=1$0180281935718316_beta=0$41875971052261285_normalize_similarity=True	VSM_sim=cosine_up=tfidf_ip=binary_load=ItemAttributes	APLT	3.193028487224075e-45
VSM_sim=cosine_up=tfidf_ip=binary_load=ItemAttributes	RP3beta_neighborhood=507_alpha=1$0180281935718316_beta=0$41875971052261285_normalize_similarity=True	ARP	4.5608644631336007e-38
RP3beta_neighborhood=507_alpha=1$0180281935718316_beta=0$41875971052261285_normalize_similarity=True	VSM_sim=cosine_up=tfidf_ip=binary_load=ItemAttributes	ARP	4.5608644631336007e-38
VSM_sim=cosine_up=tfidf_ip=binary_load=ItemAttributes	RP3beta_neighborhood=507_alpha=1$0180281935718316_beta=0$41875971052261285_normalize_similarity=True	EFD	1.9343284640684944e-07
RP3beta_neighborhood=507_alpha=1$0180281935718316_beta=0$41875971052261285_normalize_similarity=True	VSM_sim=cosine_up=tfidf_ip=binary_load=ItemAttributes	EFD	1.9343284640684944e-07
VSM_sim=cosine_up=tfidf_ip=binary_load=ItemAttributes	RP3beta_neighborhood=507_alpha=1$0180281935718316_beta=0$41875971052261285_normalize_similarity=True	EPC	4.5959708567487967e-07
RP3beta_neighborhood=507_alpha=1$0180281935718316_beta=0$41875971052261285_normalize_similarity=True	VSM_sim=cosine_up=tfidf_ip=binary_load=ItemAttributes	EPC	4.5959708567487967e-07
VSM_sim=cosine_up=tfidf_ip=binary_load=ItemAttributes	MostPop	nDCG	5.490833974787884e-43
MostPop	VSM_sim=cosine_up=tfidf_ip=binary_load=ItemAttributes	nDCG	5.490833974787884e-43
VSM_sim=cosine_up=tfidf_ip=binary_load=ItemAttributes	MostPop	Recall	2.1635644897733552e-50
MostPop	VSM_sim=cosine_up=tfidf_ip=binary_load=ItemAttributes	Recall	2.1635644897733552e-50
VSM_sim=cosine_up=tfidf_ip=binary_load=ItemAttributes	MostPop	Precision	1.2677089177740637e-50
MostPop	VSM_sim=cosine_up=tfidf_ip=binary_load=ItemAttributes	Precision	1.2677089177740637e-50
VSM_sim=cosine_up=tfidf_ip=binary_load=ItemAttributes	MostPop	nDCGRendle2020	7.15887988863577e-45
MostPop	VSM_sim=cosine_up=tfidf_ip=binary_load=ItemAttributes	nDCGRendle2020	7.15887988863577e-45
VSM_sim=cosine_up=tfidf_ip=binary_load=ItemAttributes	MostPop	HR	4.80207731822702e-40
MostPop	VSM_sim=cosine_up=tfidf_ip=binary_load=ItemAttributes	HR	4.80207731822702e-40
VSM_sim=cosine_up=tfidf_ip=binary_load=ItemAttributes	MostPop	F1	4.455001732066115e-50
MostPop	VSM_sim=cosine_up=tfidf_ip=binary_load=ItemAttributes	F1	4.455001732066115e-50
VSM_sim=cosine_up=tfidf_ip=binary_load=ItemAttributes	MostPop	MAP	8.719101724281922e-15
MostPop	VSM_sim=cosine_up=tfidf_ip=binary_load=ItemAttributes	MAP	8.719101724281922e-15
VSM_sim=cosine_up=tfidf_ip=binary_load=ItemAttributes	MostPop	MAR	3.194475529519429e-22
MostPop	VSM_sim=cosine_up=tfidf_ip=binary_load=ItemAttributes	MAR	3.194475529519429e-22
VSM_sim=cosine_up=tfidf_ip=binary_load=ItemAttributes	MostPop	MRR	4.120754413008577e-15
MostPop	VSM_sim=cosine_up=tfidf_ip=binary_load=ItemAttributes	MRR	4.120754413008577e-15
VSM_sim=cosine_up=tfidf_ip=binary_load=ItemAttributes	MostPop	ACLT	5.1757841836225134e-76
MostPop	VSM_sim=cosine_up=tfidf_ip=binary_load=ItemAttributes	ACLT	5.1757841836225134e-76
VSM_sim=cosine_up=tfidf_ip=binary_load=ItemAttributes	MostPop	APLT	5.1757841836225134e-76
MostPop	VSM_sim=cosine_up=tfidf_ip=binary_load=ItemAttributes	APLT	5.1757841836225134e-76
VSM_sim=cosine_up=tfidf_ip=binary_load=ItemAttributes	MostPop	ARP	8.288075955132348e-83
MostPop	VSM_sim=cosine_up=tfidf_ip=binary_load=ItemAttributes	ARP	8.288075955132348e-83
VSM_sim=cosine_up=tfidf_ip=binary_load=ItemAttributes	MostPop	EFD	3.4429598035849503e-50
MostPop	VSM_sim=cosine_up=tfidf_ip=binary_load=ItemAttributes	EFD	3.4429598035849503e-50
VSM_sim=cosine_up=tfidf_ip=binary_load=ItemAttributes	MostPop	EPC	1.1262877374590816e-45
MostPop	VSM_sim=cosine_up=tfidf_ip=binary_load=ItemAttributes	EPC	1.1262877374590816e-45
Random_seed=42	AttributeItemKNN_nn=40_sim=correlation_bin=False_load=ItemAttributes	nDCG	5.022134508783962e-64
AttributeItemKNN_nn=40_sim=correlation_bin=False_load=ItemAttributes	Random_seed=42	nDCG	5.022134508783962e-64
Random_seed=42	AttributeItemKNN_nn=40_sim=correlation_bin=False_load=ItemAttributes	Recall	4.5210129377840534e-67
AttributeItemKNN_nn=40_sim=correlation_bin=False_load=ItemAttributes	Random_seed=42	Recall	4.5210129377840534e-67
Random_seed=42	AttributeItemKNN_nn=40_sim=correlation_bin=False_load=ItemAttributes	Precision	6.985701972844523e-69
AttributeItemKNN_nn=40_sim=correlation_bin=False_load=ItemAttributes	Random_seed=42	Precision	6.985701972844523e-69
Random_seed=42	AttributeItemKNN_nn=40_sim=correlation_bin=False_load=ItemAttributes	nDCGRendle2020	2.2666826922711477e-67
AttributeItemKNN_nn=40_sim=correlation_bin=False_load=ItemAttributes	Random_seed=42	nDCGRendle2020	2.2666826922711477e-67
Random_seed=42	AttributeItemKNN_nn=40_sim=correlation_bin=False_load=ItemAttributes	HR	1.4766462760030824e-72
AttributeItemKNN_nn=40_sim=correlation_bin=False_load=ItemAttributes	Random_seed=42	HR	1.4766462760030824e-72
Random_seed=42	AttributeItemKNN_nn=40_sim=correlation_bin=False_load=ItemAttributes	F1	1.4456365317187813e-67
AttributeItemKNN_nn=40_sim=correlation_bin=False_load=ItemAttributes	Random_seed=42	F1	1.4456365317187813e-67
Random_seed=42	AttributeItemKNN_nn=40_sim=correlation_bin=False_load=ItemAttributes	MAP	4.0947938460495625e-56
AttributeItemKNN_nn=40_sim=correlation_bin=False_load=ItemAttributes	Random_seed=42	MAP	4.0947938460495625e-56
Random_seed=42	AttributeItemKNN_nn=40_sim=correlation_bin=False_load=ItemAttributes	MAR	2.4855792294068832e-60
AttributeItemKNN_nn=40_sim=correlation_bin=False_load=ItemAttributes	Random_seed=42	MAR	2.4855792294068832e-60
Random_seed=42	AttributeItemKNN_nn=40_sim=correlation_bin=False_load=ItemAttributes	MRR	7.28232842438991e-52
AttributeItemKNN_nn=40_sim=correlation_bin=False_load=ItemAttributes	Random_seed=42	MRR	7.28232842438991e-52
Random_seed=42	AttributeItemKNN_nn=40_sim=correlation_bin=False_load=ItemAttributes	ACLT	4.0743713045172497e-07
AttributeItemKNN_nn=40_sim=correlation_bin=False_load=ItemAttributes	Random_seed=42	ACLT	4.0743713045172497e-07
Random_seed=42	AttributeItemKNN_nn=40_sim=correlation_bin=False_load=ItemAttributes	APLT	2.9414355131692826e-07
AttributeItemKNN_nn=40_sim=correlation_bin=False_load=ItemAttributes	Random_seed=42	APLT	2.9414355131692826e-07
Random_seed=42	AttributeItemKNN_nn=40_sim=correlation_bin=False_load=ItemAttributes	ARP	1.46580883991983e-11
AttributeItemKNN_nn=40_sim=correlation_bin=False_load=ItemAttributes	Random_seed=42	ARP	1.46580883991983e-11
Random_seed=42	AttributeItemKNN_nn=40_sim=correlation_bin=False_load=ItemAttributes	EFD	1.1551877813967676e-67
AttributeItemKNN_nn=40_sim=correlation_bin=False_load=ItemAttributes	Random_seed=42	EFD	1.1551877813967676e-67
Random_seed=42	AttributeItemKNN_nn=40_sim=correlation_bin=False_load=ItemAttributes	EPC	8.480416207995644e-68
AttributeItemKNN_nn=40_sim=correlation_bin=False_load=ItemAttributes	Random_seed=42	EPC	8.480416207995644e-68
Random_seed=42	ItemKNN_nn=100_sim=cosine_imp=standard_bin=False_shrink=0_norm=True_asymalpha=_tvalpha=_tvbeta=_rweights=	nDCG	2.094954332472441e-68
ItemKNN_nn=100_sim=cosine_imp=standard_bin=False_shrink=0_norm=True_asymalpha=_tvalpha=_tvbeta=_rweights=	Random_seed=42	nDCG	2.094954332472441e-68
Random_seed=42	ItemKNN_nn=100_sim=cosine_imp=standard_bin=False_shrink=0_norm=True_asymalpha=_tvalpha=_tvbeta=_rweights=	Recall	5.013942518149841e-71
ItemKNN_nn=100_sim=cosine_imp=standard_bin=False_shrink=0_norm=True_asymalpha=_tvalpha=_tvbeta=_rweights=	Random_seed=42	Recall	5.013942518149841e-71
Random_seed=42	ItemKNN_nn=100_sim=cosine_imp=standard_bin=False_shrink=0_norm=True_asymalpha=_tvalpha=_tvbeta=_rweights=	Precision	9.968981358875556e-72
ItemKNN_nn=100_sim=cosine_imp=standard_bin=False_shrink=0_norm=True_asymalpha=_tvalpha=_tvbeta=_rweights=	Random_seed=42	Precision	9.968981358875556e-72
Random_seed=42	ItemKNN_nn=100_sim=cosine_imp=standard_bin=False_shrink=0_norm=True_asymalpha=_tvalpha=_tvbeta=_rweights=	nDCGRendle2020	2.3303253745939355e-71
ItemKNN_nn=100_sim=cosine_imp=standard_bin=False_shrink=0_norm=True_asymalpha=_tvalpha=_tvbeta=_rweights=	Random_seed=42	nDCGRendle2020	2.3303253745939355e-71
Random_seed=42	ItemKNN_nn=100_sim=cosine_imp=standard_bin=False_shrink=0_norm=True_asymalpha=_tvalpha=_tvbeta=_rweights=	HR	4.4092857177562454e-79
ItemKNN_nn=100_sim=cosine_imp=standard_bin=False_shrink=0_norm=True_asymalpha=_tvalpha=_tvbeta=_rweights=	Random_seed=42	HR	4.4092857177562454e-79
Random_seed=42	ItemKNN_nn=100_sim=cosine_imp=standard_bin=False_shrink=0_norm=True_asymalpha=_tvalpha=_tvbeta=_rweights=	F1	5.189985036554439e-71
ItemKNN_nn=100_sim=cosine_imp=standard_bin=False_shrink=0_norm=True_asymalpha=_tvalpha=_tvbeta=_rweights=	Random_seed=42	F1	5.189985036554439e-71
Random_seed=42	ItemKNN_nn=100_sim=cosine_imp=standard_bin=False_shrink=0_norm=True_asymalpha=_tvalpha=_tvbeta=_rweights=	MAP	4.9821588421057883e-57
ItemKNN_nn=100_sim=cosine_imp=standard_bin=False_shrink=0_norm=True_asymalpha=_tvalpha=_tvbeta=_rweights=	Random_seed=42	MAP	4.9821588421057883e-57
Random_seed=42	ItemKNN_nn=100_sim=cosine_imp=standard_bin=False_shrink=0_norm=True_asymalpha=_tvalpha=_tvbeta=_rweights=	MAR	9.322643119826312e-62
ItemKNN_nn=100_sim=cosine_imp=standard_bin=False_shrink=0_norm=True_asymalpha=_tvalpha=_tvbeta=_rweights=	Random_seed=42	MAR	9.322643119826312e-62
Random_seed=42	ItemKNN_nn=100_sim=cosine_imp=standard_bin=False_shrink=0_norm=True_asymalpha=_tvalpha=_tvbeta=_rweights=	MRR	3.47115091415979e-55
ItemKNN_nn=100_sim=cosine_imp=standard_bin=False_shrink=0_norm=True_asymalpha=_tvalpha=_tvbeta=_rweights=	Random_seed=42	MRR	3.47115091415979e-55
Random_seed=42	ItemKNN_nn=100_sim=cosine_imp=standard_bin=False_shrink=0_norm=True_asymalpha=_tvalpha=_tvbeta=_rweights=	ACLT	5.1119062272009885e-45
ItemKNN_nn=100_sim=cosine_imp=standard_bin=False_shrink=0_norm=True_asymalpha=_tvalpha=_tvbeta=_rweights=	Random_seed=42	ACLT	5.1119062272009885e-45
Random_seed=42	ItemKNN_nn=100_sim=cosine_imp=standard_bin=False_shrink=0_norm=True_asymalpha=_tvalpha=_tvbeta=_rweights=	APLT	4.734717738124834e-45
ItemKNN_nn=100_sim=cosine_imp=standard_bin=False_shrink=0_norm=True_asymalpha=_tvalpha=_tvbeta=_rweights=	Random_seed=42	APLT	4.734717738124834e-45
Random_seed=42	ItemKNN_nn=100_sim=cosine_imp=standard_bin=False_shrink=0_norm=True_asymalpha=_tvalpha=_tvbeta=_rweights=	ARP	9.113500433083269e-37
ItemKNN_nn=100_sim=cosine_imp=standard_bin=False_shrink=0_norm=True_asymalpha=_tvalpha=_tvbeta=_rweights=	Random_seed=42	ARP	9.113500433083269e-37
Random_seed=42	ItemKNN_nn=100_sim=cosine_imp=standard_bin=False_shrink=0_norm=True_asymalpha=_tvalpha=_tvbeta=_rweights=	EFD	5.47954704677181e-71
ItemKNN_nn=100_sim=cosine_imp=standard_bin=False_shrink=0_norm=True_asymalpha=_tvalpha=_tvbeta=_rweights=	Random_seed=42	EFD	5.47954704677181e-71
Random_seed=42	ItemKNN_nn=100_sim=cosine_imp=standard_bin=False_shrink=0_norm=True_asymalpha=_tvalpha=_tvbeta=_rweights=	EPC	6.49108226732862e-71
ItemKNN_nn=100_sim=cosine_imp=standard_bin=False_shrink=0_norm=True_asymalpha=_tvalpha=_tvbeta=_rweights=	Random_seed=42	EPC	6.49108226732862e-71
Random_seed=42	RP3beta_neighborhood=507_alpha=1$0180281935718316_beta=0$41875971052261285_normalize_similarity=True	nDCG	4.767374347514308e-73
RP3beta_neighborhood=507_alpha=1$0180281935718316_beta=0$41875971052261285_normalize_similarity=True	Random_seed=42	nDCG	4.767374347514308e-73
Random_seed=42	RP3beta_neighborhood=507_alpha=1$0180281935718316_beta=0$41875971052261285_normalize_similarity=True	Recall	1.0785369185883327e-73
RP3beta_neighborhood=507_alpha=1$0180281935718316_beta=0$41875971052261285_normalize_similarity=True	Random_seed=42	Recall	1.0785369185883327e-73
Random_seed=42	RP3beta_neighborhood=507_alpha=1$0180281935718316_beta=0$41875971052261285_normalize_similarity=True	Precision	2.0486198281794404e-74
RP3beta_neighborhood=507_alpha=1$0180281935718316_beta=0$41875971052261285_normalize_similarity=True	Random_seed=42	Precision	2.0486198281794404e-74
Random_seed=42	RP3beta_neighborhood=507_alpha=1$0180281935718316_beta=0$41875971052261285_normalize_similarity=True	nDCGRendle2020	4.1835234740217036e-75
RP3beta_neighborhood=507_alpha=1$0180281935718316_beta=0$41875971052261285_normalize_similarity=True	Random_seed=42	nDCGRendle2020	4.1835234740217036e-75
Random_seed=42	RP3beta_neighborhood=507_alpha=1$0180281935718316_beta=0$41875971052261285_normalize_similarity=True	HR	1.3441223775517014e-83
RP3beta_neighborhood=507_alpha=1$0180281935718316_beta=0$41875971052261285_normalize_similarity=True	Random_seed=42	HR	1.3441223775517014e-83
Random_seed=42	RP3beta_neighborhood=507_alpha=1$0180281935718316_beta=0$41875971052261285_normalize_similarity=True	F1	1.2213689151703385e-73
RP3beta_neighborhood=507_alpha=1$0180281935718316_beta=0$41875971052261285_normalize_similarity=True	Random_seed=42	F1	1.2213689151703385e-73
Random_seed=42	RP3beta_neighborhood=507_alpha=1$0180281935718316_beta=0$41875971052261285_normalize_similarity=True	MAP	9.163351779712703e-63
RP3beta_neighborhood=507_alpha=1$0180281935718316_beta=0$41875971052261285_normalize_similarity=True	Random_seed=42	MAP	9.163351779712703e-63
Random_seed=42	RP3beta_neighborhood=507_alpha=1$0180281935718316_beta=0$41875971052261285_normalize_similarity=True	MAR	7.853041582256125e-67
RP3beta_neighborhood=507_alpha=1$0180281935718316_beta=0$41875971052261285_normalize_similarity=True	Random_seed=42	MAR	7.853041582256125e-67
Random_seed=42	RP3beta_neighborhood=507_alpha=1$0180281935718316_beta=0$41875971052261285_normalize_similarity=True	MRR	1.2548170320346553e-60
RP3beta_neighborhood=507_alpha=1$0180281935718316_beta=0$41875971052261285_normalize_similarity=True	Random_seed=42	MRR	1.2548170320346553e-60
Random_seed=42	RP3beta_neighborhood=507_alpha=1$0180281935718316_beta=0$41875971052261285_normalize_similarity=True	ACLT	8.338123776157104e-80
RP3beta_neighborhood=507_alpha=1$0180281935718316_beta=0$41875971052261285_normalize_similarity=True	Random_seed=42	ACLT	8.338123776157104e-80
Random_seed=42	RP3beta_neighborhood=507_alpha=1$0180281935718316_beta=0$41875971052261285_normalize_similarity=True	APLT	8.508714882826683e-80
RP3beta_neighborhood=507_alpha=1$0180281935718316_beta=0$41875971052261285_normalize_similarity=True	Random_seed=42	APLT	8.508714882826683e-80
Random_seed=42	RP3beta_neighborhood=507_alpha=1$0180281935718316_beta=0$41875971052261285_normalize_similarity=True	ARP	2.3642640008801273e-81
RP3beta_neighborhood=507_alpha=1$0180281935718316_beta=0$41875971052261285_normalize_similarity=True	Random_seed=42	ARP	2.3642640008801273e-81
Random_seed=42	RP3beta_neighborhood=507_alpha=1$0180281935718316_beta=0$41875971052261285_normalize_similarity=True	EFD	3.5730562701717225e-74
RP3beta_neighborhood=507_alpha=1$0180281935718316_beta=0$41875971052261285_normalize_similarity=True	Random_seed=42	EFD	3.5730562701717225e-74
Random_seed=42	RP3beta_neighborhood=507_alpha=1$0180281935718316_beta=0$41875971052261285_normalize_similarity=True	EPC	8.226216511894078e-75
RP3beta_neighborhood=507_alpha=1$0180281935718316_beta=0$41875971052261285_normalize_similarity=True	Random_seed=42	EPC	8.226216511894078e-75
Random_seed=42	MostPop	nDCG	1.3465061766060955e-26
MostPop	Random_seed=42	nDCG	1.3465061766060955e-26
Random_seed=42	MostPop	Recall	4.477642942009956e-25
MostPop	Random_seed=42	Recall	4.477642942009956e-25
Random_seed=42	MostPop	Precision	6.088256004597027e-30
MostPop	Random_seed=42	Precision	6.088256004597027e-30
Random_seed=42	MostPop	nDCGRendle2020	3.6075764965026906e-27
MostPop	Random_seed=42	nDCGRendle2020	3.6075764965026906e-27
Random_seed=42	MostPop	HR	7.09883236607492e-27
MostPop	Random_seed=42	HR	7.09883236607492e-27
Random_seed=42	MostPop	F1	1.3955679500380524e-25
MostPop	Random_seed=42	F1	1.3955679500380524e-25
Random_seed=42	MostPop	MAP	2.7036408418829683e-23
MostPop	Random_seed=42	MAP	2.7036408418829683e-23
Random_seed=42	MostPop	MAR	9.392094319412201e-24
MostPop	Random_seed=42	MAR	9.392094319412201e-24
Random_seed=42	MostPop	MRR	9.314797607248636e-22
MostPop	Random_seed=42	MRR	9.314797607248636e-22
Random_seed=42	MostPop	ACLT	5.434063587008492e-83
MostPop	Random_seed=42	ACLT	5.434063587008492e-83
Random_seed=42	MostPop	APLT	5.434063587008492e-83
MostPop	Random_seed=42	APLT	5.434063587008492e-83
Random_seed=42	MostPop	ARP	8.287409607728177e-83
MostPop	Random_seed=42	ARP	8.287409607728177e-83
Random_seed=42	MostPop	EFD	3.3019952714894156e-22
MostPop	Random_seed=42	EFD	3.3019952714894156e-22
Random_seed=42	MostPop	EPC	5.443577354026912e-26
MostPop	Random_seed=42	EPC	5.443577354026912e-26
AttributeItemKNN_nn=40_sim=correlation_bin=False_load=ItemAttributes	ItemKNN_nn=100_sim=cosine_imp=standard_bin=False_shrink=0_norm=True_asymalpha=_tvalpha=_tvbeta=_rweights=	nDCG	0.0031078403492623597
ItemKNN_nn=100_sim=cosine_imp=standard_bin=False_shrink=0_norm=True_asymalpha=_tvalpha=_tvbeta=_rweights=	AttributeItemKNN_nn=40_sim=correlation_bin=False_load=ItemAttributes	nDCG	0.0031078403492623597
AttributeItemKNN_nn=40_sim=correlation_bin=False_load=ItemAttributes	ItemKNN_nn=100_sim=cosine_imp=standard_bin=False_shrink=0_norm=True_asymalpha=_tvalpha=_tvbeta=_rweights=	Recall	0.00029090290623904567
ItemKNN_nn=100_sim=cosine_imp=standard_bin=False_shrink=0_norm=True_asymalpha=_tvalpha=_tvbeta=_rweights=	AttributeItemKNN_nn=40_sim=correlation_bin=False_load=ItemAttributes	Recall	0.00029090290623904567
AttributeItemKNN_nn=40_sim=correlation_bin=False_load=ItemAttributes	ItemKNN_nn=100_sim=cosine_imp=standard_bin=False_shrink=0_norm=True_asymalpha=_tvalpha=_tvbeta=_rweights=	Precision	0.0001274187767380702
ItemKNN_nn=100_sim=cosine_imp=standard_bin=False_shrink=0_norm=True_asymalpha=_tvalpha=_tvbeta=_rweights=	AttributeItemKNN_nn=40_sim=correlation_bin=False_load=ItemAttributes	Precision	0.0001274187767380702
AttributeItemKNN_nn=40_sim=correlation_bin=False_load=ItemAttributes	ItemKNN_nn=100_sim=cosine_imp=standard_bin=False_shrink=0_norm=True_asymalpha=_tvalpha=_tvbeta=_rweights=	nDCGRendle2020	0.004626936401345333
ItemKNN_nn=100_sim=cosine_imp=standard_bin=False_shrink=0_norm=True_asymalpha=_tvalpha=_tvbeta=_rweights=	AttributeItemKNN_nn=40_sim=correlation_bin=False_load=ItemAttributes	nDCGRendle2020	0.004626936401345333
AttributeItemKNN_nn=40_sim=correlation_bin=False_load=ItemAttributes	ItemKNN_nn=100_sim=cosine_imp=standard_bin=False_shrink=0_norm=True_asymalpha=_tvalpha=_tvbeta=_rweights=	HR	0.01531382171343201
ItemKNN_nn=100_sim=cosine_imp=standard_bin=False_shrink=0_norm=True_asymalpha=_tvalpha=_tvbeta=_rweights=	AttributeItemKNN_nn=40_sim=correlation_bin=False_load=ItemAttributes	HR	0.01531382171343201
AttributeItemKNN_nn=40_sim=correlation_bin=False_load=ItemAttributes	ItemKNN_nn=100_sim=cosine_imp=standard_bin=False_shrink=0_norm=True_asymalpha=_tvalpha=_tvbeta=_rweights=	F1	0.0002501932034921169
ItemKNN_nn=100_sim=cosine_imp=standard_bin=False_shrink=0_norm=True_asymalpha=_tvalpha=_tvbeta=_rweights=	AttributeItemKNN_nn=40_sim=correlation_bin=False_load=ItemAttributes	F1	0.0002501932034921169
AttributeItemKNN_nn=40_sim=correlation_bin=False_load=ItemAttributes	ItemKNN_nn=100_sim=cosine_imp=standard_bin=False_shrink=0_norm=True_asymalpha=_tvalpha=_tvbeta=_rweights=	MAP	0.17918304035165955
ItemKNN_nn=100_sim=cosine_imp=standard_bin=False_shrink=0_norm=True_asymalpha=_tvalpha=_tvbeta=_rweights=	AttributeItemKNN_nn=40_sim=correlation_bin=False_load=ItemAttributes	MAP	0.17918304035165955
AttributeItemKNN_nn=40_sim=correlation_bin=False_load=ItemAttributes	ItemKNN_nn=100_sim=cosine_imp=standard_bin=False_shrink=0_norm=True_asymalpha=_tvalpha=_tvbeta=_rweights=	MAR	0.13678533296451947
ItemKNN_nn=100_sim=cosine_imp=standard_bin=False_shrink=0_norm=True_asymalpha=_tvalpha=_tvbeta=_rweights=	AttributeItemKNN_nn=40_sim=correlation_bin=False_load=ItemAttributes	MAR	0.13678533296451947
AttributeItemKNN_nn=40_sim=correlation_bin=False_load=ItemAttributes	ItemKNN_nn=100_sim=cosine_imp=standard_bin=False_shrink=0_norm=True_asymalpha=_tvalpha=_tvbeta=_rweights=	MRR	0.24091771540742535
ItemKNN_nn=100_sim=cosine_imp=standard_bin=False_shrink=0_norm=True_asymalpha=_tvalpha=_tvbeta=_rweights=	AttributeItemKNN_nn=40_sim=correlation_bin=False_load=ItemAttributes	MRR	0.24091771540742535
AttributeItemKNN_nn=40_sim=correlation_bin=False_load=ItemAttributes	ItemKNN_nn=100_sim=cosine_imp=standard_bin=False_shrink=0_norm=True_asymalpha=_tvalpha=_tvbeta=_rweights=	ACLT	1.1534963230521933e-48
ItemKNN_nn=100_sim=cosine_imp=standard_bin=False_shrink=0_norm=True_asymalpha=_tvalpha=_tvbeta=_rweights=	AttributeItemKNN_nn=40_sim=correlation_bin=False_load=ItemAttributes	ACLT	1.1534963230521933e-48
AttributeItemKNN_nn=40_sim=correlation_bin=False_load=ItemAttributes	ItemKNN_nn=100_sim=cosine_imp=standard_bin=False_shrink=0_norm=True_asymalpha=_tvalpha=_tvbeta=_rweights=	APLT	1.5904705753620266e-48
ItemKNN_nn=100_sim=cosine_imp=standard_bin=False_shrink=0_norm=True_asymalpha=_tvalpha=_tvbeta=_rweights=	AttributeItemKNN_nn=40_sim=correlation_bin=False_load=ItemAttributes	APLT	1.5904705753620266e-48
AttributeItemKNN_nn=40_sim=correlation_bin=False_load=ItemAttributes	ItemKNN_nn=100_sim=cosine_imp=standard_bin=False_shrink=0_norm=True_asymalpha=_tvalpha=_tvbeta=_rweights=	ARP	4.8668485035540626e-39
ItemKNN_nn=100_sim=cosine_imp=standard_bin=False_shrink=0_norm=True_asymalpha=_tvalpha=_tvbeta=_rweights=	AttributeItemKNN_nn=40_sim=correlation_bin=False_load=ItemAttributes	ARP	4.8668485035540626e-39
AttributeItemKNN_nn=40_sim=correlation_bin=False_load=ItemAttributes	ItemKNN_nn=100_sim=cosine_imp=standard_bin=False_shrink=0_norm=True_asymalpha=_tvalpha=_tvbeta=_rweights=	EFD	0.027904124080968245
ItemKNN_nn=100_sim=cosine_imp=standard_bin=False_shrink=0_norm=True_asymalpha=_tvalpha=_tvbeta=_rweights=	AttributeItemKNN_nn=40_sim=correlation_bin=False_load=ItemAttributes	EFD	0.027904124080968245
AttributeItemKNN_nn=40_sim=correlation_bin=False_load=ItemAttributes	ItemKNN_nn=100_sim=cosine_imp=standard_bin=False_shrink=0_norm=True_asymalpha=_tvalpha=_tvbeta=_rweights=	EPC	0.008020917777548032
ItemKNN_nn=100_sim=cosine_imp=standard_bin=False_shrink=0_norm=True_asymalpha=_tvalpha=_tvbeta=_rweights=	AttributeItemKNN_nn=40_sim=correlation_bin=False_load=ItemAttributes	EPC	0.008020917777548032
AttributeItemKNN_nn=40_sim=correlation_bin=False_load=ItemAttributes	RP3beta_neighborhood=507_alpha=1$0180281935718316_beta=0$41875971052261285_normalize_similarity=True	nDCG	3.428949650192832e-05
RP3beta_neighborhood=507_alpha=1$0180281935718316_beta=0$41875971052261285_normalize_similarity=True	AttributeItemKNN_nn=40_sim=correlation_bin=False_load=ItemAttributes	nDCG	3.428949650192832e-05
AttributeItemKNN_nn=40_sim=correlation_bin=False_load=ItemAttributes	RP3beta_neighborhood=507_alpha=1$0180281935718316_beta=0$41875971052261285_normalize_similarity=True	Recall	1.384927812027813e-06
RP3beta_neighborhood=507_alpha=1$0180281935718316_beta=0$41875971052261285_normalize_similarity=True	AttributeItemKNN_nn=40_sim=correlation_bin=False_load=ItemAttributes	Recall	1.384927812027813e-06
AttributeItemKNN_nn=40_sim=correlation_bin=False_load=ItemAttributes	RP3beta_neighborhood=507_alpha=1$0180281935718316_beta=0$41875971052261285_normalize_similarity=True	Precision	3.031327865361282e-07
RP3beta_neighborhood=507_alpha=1$0180281935718316_beta=0$41875971052261285_normalize_similarity=True	AttributeItemKNN_nn=40_sim=correlation_bin=False_load=ItemAttributes	Precision	3.031327865361282e-07
AttributeItemKNN_nn=40_sim=correlation_bin=False_load=ItemAttributes	RP3beta_neighborhood=507_alpha=1$0180281935718316_beta=0$41875971052261285_normalize_similarity=True	nDCGRendle2020	1.3873526403906653e-05
RP3beta_neighborhood=507_alpha=1$0180281935718316_beta=0$41875971052261285_normalize_similarity=True	AttributeItemKNN_nn=40_sim=correlation_bin=False_load=ItemAttributes	nDCGRendle2020	1.3873526403906653e-05
AttributeItemKNN_nn=40_sim=correlation_bin=False_load=ItemAttributes	RP3beta_neighborhood=507_alpha=1$0180281935718316_beta=0$41875971052261285_normalize_similarity=True	HR	9.989051586896954e-06
RP3beta_neighborhood=507_alpha=1$0180281935718316_beta=0$41875971052261285_normalize_similarity=True	AttributeItemKNN_nn=40_sim=correlation_bin=False_load=ItemAttributes	HR	9.989051586896954e-06
AttributeItemKNN_nn=40_sim=correlation_bin=False_load=ItemAttributes	RP3beta_neighborhood=507_alpha=1$0180281935718316_beta=0$41875971052261285_normalize_similarity=True	F1	4.128810764883274e-07
RP3beta_neighborhood=507_alpha=1$0180281935718316_beta=0$41875971052261285_normalize_similarity=True	AttributeItemKNN_nn=40_sim=correlation_bin=False_load=ItemAttributes	F1	4.128810764883274e-07
AttributeItemKNN_nn=40_sim=correlation_bin=False_load=ItemAttributes	RP3beta_neighborhood=507_alpha=1$0180281935718316_beta=0$41875971052261285_normalize_similarity=True	MAP	0.015212934615652145
RP3beta_neighborhood=507_alpha=1$0180281935718316_beta=0$41875971052261285_normalize_similarity=True	AttributeItemKNN_nn=40_sim=correlation_bin=False_load=ItemAttributes	MAP	0.015212934615652145
AttributeItemKNN_nn=40_sim=correlation_bin=False_load=ItemAttributes	RP3beta_neighborhood=507_alpha=1$0180281935718316_beta=0$41875971052261285_normalize_similarity=True	MAR	0.00493528123472433
RP3beta_neighborhood=507_alpha=1$0180281935718316_beta=0$41875971052261285_normalize_similarity=True	AttributeItemKNN_nn=40_sim=correlation_bin=False_load=ItemAttributes	MAR	0.00493528123472433
AttributeItemKNN_nn=40_sim=correlation_bin=False_load=ItemAttributes	RP3beta_neighborhood=507_alpha=1$0180281935718316_beta=0$41875971052261285_normalize_similarity=True	MRR	0.02540049507445714
RP3beta_neighborhood=507_alpha=1$0180281935718316_beta=0$41875971052261285_normalize_similarity=True	AttributeItemKNN_nn=40_sim=correlation_bin=False_load=ItemAttributes	MRR	0.02540049507445714
AttributeItemKNN_nn=40_sim=correlation_bin=False_load=ItemAttributes	RP3beta_neighborhood=507_alpha=1$0180281935718316_beta=0$41875971052261285_normalize_similarity=True	ACLT	2.4031641172982436e-80
RP3beta_neighborhood=507_alpha=1$0180281935718316_beta=0$41875971052261285_normalize_similarity=True	AttributeItemKNN_nn=40_sim=correlation_bin=False_load=ItemAttributes	ACLT	2.4031641172982436e-80
AttributeItemKNN_nn=40_sim=correlation_bin=False_load=ItemAttributes	RP3beta_neighborhood=507_alpha=1$0180281935718316_beta=0$41875971052261285_normalize_similarity=True	APLT	2.577524210596221e-80
RP3beta_neighborhood=507_alpha=1$0180281935718316_beta=0$41875971052261285_normalize_similarity=True	AttributeItemKNN_nn=40_sim=correlation_bin=False_load=ItemAttributes	APLT	2.577524210596221e-80
AttributeItemKNN_nn=40_sim=correlation_bin=False_load=ItemAttributes	RP3beta_neighborhood=507_alpha=1$0180281935718316_beta=0$41875971052261285_normalize_similarity=True	ARP	1.520145359477671e-82
RP3beta_neighborhood=507_alpha=1$0180281935718316_beta=0$41875971052261285_normalize_similarity=True	AttributeItemKNN_nn=40_sim=correlation_bin=False_load=ItemAttributes	ARP	1.520145359477671e-82
AttributeItemKNN_nn=40_sim=correlation_bin=False_load=ItemAttributes	RP3beta_neighborhood=507_alpha=1$0180281935718316_beta=0$41875971052261285_normalize_similarity=True	EFD	0.003975569727951916
RP3beta_neighborhood=507_alpha=1$0180281935718316_beta=0$41875971052261285_normalize_similarity=True	AttributeItemKNN_nn=40_sim=correlation_bin=False_load=ItemAttributes	EFD	0.003975569727951916
AttributeItemKNN_nn=40_sim=correlation_bin=False_load=ItemAttributes	RP3beta_neighborhood=507_alpha=1$0180281935718316_beta=0$41875971052261285_normalize_similarity=True	EPC	7.6777402766742e-05
RP3beta_neighborhood=507_alpha=1$0180281935718316_beta=0$41875971052261285_normalize_similarity=True	AttributeItemKNN_nn=40_sim=correlation_bin=False_load=ItemAttributes	EPC	7.6777402766742e-05
AttributeItemKNN_nn=40_sim=correlation_bin=False_load=ItemAttributes	MostPop	nDCG	1.1508505083878767e-36
MostPop	AttributeItemKNN_nn=40_sim=correlation_bin=False_load=ItemAttributes	nDCG	1.1508505083878767e-36
AttributeItemKNN_nn=40_sim=correlation_bin=False_load=ItemAttributes	MostPop	Recall	9.012137173724306e-45
MostPop	AttributeItemKNN_nn=40_sim=correlation_bin=False_load=ItemAttributes	Recall	9.012137173724306e-45
AttributeItemKNN_nn=40_sim=correlation_bin=False_load=ItemAttributes	MostPop	Precision	4.962233622230355e-44
MostPop	AttributeItemKNN_nn=40_sim=correlation_bin=False_load=ItemAttributes	Precision	4.962233622230355e-44
AttributeItemKNN_nn=40_sim=correlation_bin=False_load=ItemAttributes	MostPop	nDCGRendle2020	1.0544249693664066e-38
MostPop	AttributeItemKNN_nn=40_sim=correlation_bin=False_load=ItemAttributes	nDCGRendle2020	1.0544249693664066e-38
AttributeItemKNN_nn=40_sim=correlation_bin=False_load=ItemAttributes	MostPop	HR	6.006338081784602e-32
MostPop	AttributeItemKNN_nn=40_sim=correlation_bin=False_load=ItemAttributes	HR	6.006338081784602e-32
AttributeItemKNN_nn=40_sim=correlation_bin=False_load=ItemAttributes	MostPop	F1	6.547488021766811e-45
MostPop	AttributeItemKNN_nn=40_sim=correlation_bin=False_load=ItemAttributes	F1	6.547488021766811e-45
AttributeItemKNN_nn=40_sim=correlation_bin=False_load=ItemAttributes	MostPop	MAP	1.3658602800888342e-14
MostPop	AttributeItemKNN_nn=40_sim=correlation_bin=False_load=ItemAttributes	MAP	1.3658602800888342e-14
AttributeItemKNN_nn=40_sim=correlation_bin=False_load=ItemAttributes	MostPop	MAR	1.8322018276490657e-21
MostPop	AttributeItemKNN_nn=40_sim=correlation_bin=False_load=ItemAttributes	MAR	1.8322018276490657e-21
AttributeItemKNN_nn=40_sim=correlation_bin=False_load=ItemAttributes	MostPop	MRR	3.4438499417266107e-12
MostPop	AttributeItemKNN_nn=40_sim=correlation_bin=False_load=ItemAttributes	MRR	3.4438499417266107e-12
AttributeItemKNN_nn=40_sim=correlation_bin=False_load=ItemAttributes	MostPop	ACLT	7.83713850604476e-83
MostPop	AttributeItemKNN_nn=40_sim=correlation_bin=False_load=ItemAttributes	ACLT	7.83713850604476e-83
AttributeItemKNN_nn=40_sim=correlation_bin=False_load=ItemAttributes	MostPop	APLT	7.83713850604476e-83
MostPop	AttributeItemKNN_nn=40_sim=correlation_bin=False_load=ItemAttributes	APLT	7.83713850604476e-83
AttributeItemKNN_nn=40_sim=correlation_bin=False_load=ItemAttributes	MostPop	ARP	8.287638063724361e-83
MostPop	AttributeItemKNN_nn=40_sim=correlation_bin=False_load=ItemAttributes	ARP	8.287638063724361e-83
AttributeItemKNN_nn=40_sim=correlation_bin=False_load=ItemAttributes	MostPop	EFD	6.461340183548231e-49
MostPop	AttributeItemKNN_nn=40_sim=correlation_bin=False_load=ItemAttributes	EFD	6.461340183548231e-49
AttributeItemKNN_nn=40_sim=correlation_bin=False_load=ItemAttributes	MostPop	EPC	8.911033510643517e-42
MostPop	AttributeItemKNN_nn=40_sim=correlation_bin=False_load=ItemAttributes	EPC	8.911033510643517e-42
ItemKNN_nn=100_sim=cosine_imp=standard_bin=False_shrink=0_norm=True_asymalpha=_tvalpha=_tvbeta=_rweights=	RP3beta_neighborhood=507_alpha=1$0180281935718316_beta=0$41875971052261285_normalize_similarity=True	nDCG	0.029296591841107368
RP3beta_neighborhood=507_alpha=1$0180281935718316_beta=0$41875971052261285_normalize_similarity=True	ItemKNN_nn=100_sim=cosine_imp=standard_bin=False_shrink=0_norm=True_asymalpha=_tvalpha=_tvbeta=_rweights=	nDCG	0.029296591841107368
ItemKNN_nn=100_sim=cosine_imp=standard_bin=False_shrink=0_norm=True_asymalpha=_tvalpha=_tvbeta=_rweights=	RP3beta_neighborhood=507_alpha=1$0180281935718316_beta=0$41875971052261285_normalize_similarity=True	Recall	0.028312222437816906
RP3beta_neighborhood=507_alpha=1$0180281935718316_beta=0$41875971052261285_normalize_similarity=True	ItemKNN_nn=100_sim=cosine_imp=standard_bin=False_shrink=0_norm=True_asymalpha=_tvalpha=_tvbeta=_rweights=	Recall	0.028312222437816906
ItemKNN_nn=100_sim=cosine_imp=standard_bin=False_shrink=0_norm=True_asymalpha=_tvalpha=_tvbeta=_rweights=	RP3beta_neighborhood=507_alpha=1$0180281935718316_beta=0$41875971052261285_normalize_similarity=True	Precision	0.03207986531179723
RP3beta_neighborhood=507_alpha=1$0180281935718316_beta=0$41875971052261285_normalize_similarity=True	ItemKNN_nn=100_sim=cosine_imp=standard_bin=False_shrink=0_norm=True_asymalpha=_tvalpha=_tvbeta=_rweights=	Precision	0.03207986531179723
ItemKNN_nn=100_sim=cosine_imp=standard_bin=False_shrink=0_norm=True_asymalpha=_tvalpha=_tvbeta=_rweights=	RP3beta_neighborhood=507_alpha=1$0180281935718316_beta=0$41875971052261285_normalize_similarity=True	nDCGRendle2020	0.04721606914376383
RP3beta_neighborhood=507_alpha=1$0180281935718316_beta=0$41875971052261285_normalize_similarity=True	ItemKNN_nn=100_sim=cosine_imp=standard_bin=False_shrink=0_norm=True_asymalpha=_tvalpha=_tvbeta=_rweights=	nDCGRendle2020	0.04721606914376383
ItemKNN_nn=100_sim=cosine_imp=standard_bin=False_shrink=0_norm=True_asymalpha=_tvalpha=_tvbeta=_rweights=	RP3beta_neighborhood=507_alpha=1$0180281935718316_beta=0$41875971052261285_normalize_similarity=True	HR	0.011270104849283221
RP3beta_neighborhood=507_alpha=1$0180281935718316_beta=0$41875971052261285_normalize_similarity=True	ItemKNN_nn=100_sim=cosine_imp=standard_bin=False_shrink=0_norm=True_asymalpha=_tvalpha=_tvbeta=_rweights=	HR	0.011270104849283221
ItemKNN_nn=100_sim=cosine_imp=standard_bin=False_shrink=0_norm=True_asymalpha=_tvalpha=_tvbeta=_rweights=	RP3beta_neighborhood=507_alpha=1$0180281935718316_beta=0$41875971052261285_normalize_similarity=True	F1	0.020442677496496454
RP3beta_neighborhood=507_alpha=1$0180281935718316_beta=0$41875971052261285_normalize_similarity=True	ItemKNN_nn=100_sim=cosine_imp=standard_bin=False_shrink=0_norm=True_asymalpha=_tvalpha=_tvbeta=_rweights=	F1	0.020442677496496454
ItemKNN_nn=100_sim=cosine_imp=standard_bin=False_shrink=0_norm=True_asymalpha=_tvalpha=_tvbeta=_rweights=	RP3beta_neighborhood=507_alpha=1$0180281935718316_beta=0$41875971052261285_normalize_similarity=True	MAP	0.2613559397869074
RP3beta_neighborhood=507_alpha=1$0180281935718316_beta=0$41875971052261285_normalize_similarity=True	ItemKNN_nn=100_sim=cosine_imp=standard_bin=False_shrink=0_norm=True_asymalpha=_tvalpha=_tvbeta=_rweights=	MAP	0.2613559397869074
ItemKNN_nn=100_sim=cosine_imp=standard_bin=False_shrink=0_norm=True_asymalpha=_tvalpha=_tvbeta=_rweights=	RP3beta_neighborhood=507_alpha=1$0180281935718316_beta=0$41875971052261285_normalize_similarity=True	MAR	0.1551240811863054
RP3beta_neighborhood=507_alpha=1$0180281935718316_beta=0$41875971052261285_normalize_similarity=True	ItemKNN_nn=100_sim=cosine_imp=standard_bin=False_shrink=0_norm=True_asymalpha=_tvalpha=_tvbeta=_rweights=	MAR	0.1551240811863054
ItemKNN_nn=100_sim=cosine_imp=standard_bin=False_shrink=0_norm=True_asymalpha=_tvalpha=_tvbeta=_rweights=	RP3beta_neighborhood=507_alpha=1$0180281935718316_beta=0$41875971052261285_normalize_similarity=True	MRR	0.17754001190352764
RP3beta_neighborhood=507_alpha=1$0180281935718316_beta=0$41875971052261285_normalize_similarity=True	ItemKNN_nn=100_sim=cosine_imp=standard_bin=False_shrink=0_norm=True_asymalpha=_tvalpha=_tvbeta=_rweights=	MRR	0.17754001190352764
ItemKNN_nn=100_sim=cosine_imp=standard_bin=False_shrink=0_norm=True_asymalpha=_tvalpha=_tvbeta=_rweights=	RP3beta_neighborhood=507_alpha=1$0180281935718316_beta=0$41875971052261285_normalize_similarity=True	ACLT	1.025727573234359e-71
RP3beta_neighborhood=507_alpha=1$0180281935718316_beta=0$41875971052261285_normalize_similarity=True	ItemKNN_nn=100_sim=cosine_imp=standard_bin=False_shrink=0_norm=True_asymalpha=_tvalpha=_tvbeta=_rweights=	ACLT	1.025727573234359e-71
ItemKNN_nn=100_sim=cosine_imp=standard_bin=False_shrink=0_norm=True_asymalpha=_tvalpha=_tvbeta=_rweights=	RP3beta_neighborhood=507_alpha=1$0180281935718316_beta=0$41875971052261285_normalize_similarity=True	APLT	1.090835218367554e-71
RP3beta_neighborhood=507_alpha=1$0180281935718316_beta=0$41875971052261285_normalize_similarity=True	ItemKNN_nn=100_sim=cosine_imp=standard_bin=False_shrink=0_norm=True_asymalpha=_tvalpha=_tvbeta=_rweights=	APLT	1.090835218367554e-71
ItemKNN_nn=100_sim=cosine_imp=standard_bin=False_shrink=0_norm=True_asymalpha=_tvalpha=_tvbeta=_rweights=	RP3beta_neighborhood=507_alpha=1$0180281935718316_beta=0$41875971052261285_normalize_similarity=True	ARP	4.539847869456334e-81
RP3beta_neighborhood=507_alpha=1$0180281935718316_beta=0$41875971052261285_normalize_similarity=True	ItemKNN_nn=100_sim=cosine_imp=standard_bin=False_shrink=0_norm=True_asymalpha=_tvalpha=_tvbeta=_rweights=	ARP	4.539847869456334e-81
ItemKNN_nn=100_sim=cosine_imp=standard_bin=False_shrink=0_norm=True_asymalpha=_tvalpha=_tvbeta=_rweights=	RP3beta_neighborhood=507_alpha=1$0180281935718316_beta=0$41875971052261285_normalize_similarity=True	EFD	0.2463393852620993
RP3beta_neighborhood=507_alpha=1$0180281935718316_beta=0$41875971052261285_normalize_similarity=True	ItemKNN_nn=100_sim=cosine_imp=standard_bin=False_shrink=0_norm=True_asymalpha=_tvalpha=_tvbeta=_rweights=	EFD	0.2463393852620993
ItemKNN_nn=100_sim=cosine_imp=standard_bin=False_shrink=0_norm=True_asymalpha=_tvalpha=_tvbeta=_rweights=	RP3beta_neighborhood=507_alpha=1$0180281935718316_beta=0$41875971052261285_normalize_similarity=True	EPC	0.0983931112417541
RP3beta_neighborhood=507_alpha=1$0180281935718316_beta=0$41875971052261285_normalize_similarity=True	ItemKNN_nn=100_sim=cosine_imp=standard_bin=False_shrink=0_norm=True_asymalpha=_tvalpha=_tvbeta=_rweights=	EPC	0.0983931112417541
ItemKNN_nn=100_sim=cosine_imp=standard_bin=False_shrink=0_norm=True_asymalpha=_tvalpha=_tvbeta=_rweights=	MostPop	nDCG	1.545185967105805e-44
MostPop	ItemKNN_nn=100_sim=cosine_imp=standard_bin=False_shrink=0_norm=True_asymalpha=_tvalpha=_tvbeta=_rweights=	nDCG	1.545185967105805e-44
ItemKNN_nn=100_sim=cosine_imp=standard_bin=False_shrink=0_norm=True_asymalpha=_tvalpha=_tvbeta=_rweights=	MostPop	Recall	2.255193066480694e-52
MostPop	ItemKNN_nn=100_sim=cosine_imp=standard_bin=False_shrink=0_norm=True_asymalpha=_tvalpha=_tvbeta=_rweights=	Recall	2.255193066480694e-52
ItemKNN_nn=100_sim=cosine_imp=standard_bin=False_shrink=0_norm=True_asymalpha=_tvalpha=_tvbeta=_rweights=	MostPop	Precision	9.6989274116984e-53
MostPop	ItemKNN_nn=100_sim=cosine_imp=standard_bin=False_shrink=0_norm=True_asymalpha=_tvalpha=_tvbeta=_rweights=	Precision	9.6989274116984e-53
ItemKNN_nn=100_sim=cosine_imp=standard_bin=False_shrink=0_norm=True_asymalpha=_tvalpha=_tvbeta=_rweights=	MostPop	nDCGRendle2020	5.909568653572641e-48
MostPop	ItemKNN_nn=100_sim=cosine_imp=standard_bin=False_shrink=0_norm=True_asymalpha=_tvalpha=_tvbeta=_rweights=	nDCGRendle2020	5.909568653572641e-48
ItemKNN_nn=100_sim=cosine_imp=standard_bin=False_shrink=0_norm=True_asymalpha=_tvalpha=_tvbeta=_rweights=	MostPop	HR	1.2871785154133173e-39
MostPop	ItemKNN_nn=100_sim=cosine_imp=standard_bin=False_shrink=0_norm=True_asymalpha=_tvalpha=_tvbeta=_rweights=	HR	1.2871785154133173e-39
ItemKNN_nn=100_sim=cosine_imp=standard_bin=False_shrink=0_norm=True_asymalpha=_tvalpha=_tvbeta=_rweights=	MostPop	F1	1.2160971084078898e-52
MostPop	ItemKNN_nn=100_sim=cosine_imp=standard_bin=False_shrink=0_norm=True_asymalpha=_tvalpha=_tvbeta=_rweights=	F1	1.2160971084078898e-52
ItemKNN_nn=100_sim=cosine_imp=standard_bin=False_shrink=0_norm=True_asymalpha=_tvalpha=_tvbeta=_rweights=	MostPop	MAP	1.3454009751667435e-17
MostPop	ItemKNN_nn=100_sim=cosine_imp=standard_bin=False_shrink=0_norm=True_asymalpha=_tvalpha=_tvbeta=_rweights=	MAP	1.3454009751667435e-17
ItemKNN_nn=100_sim=cosine_imp=standard_bin=False_shrink=0_norm=True_asymalpha=_tvalpha=_tvbeta=_rweights=	MostPop	MAR	6.0495815038505255e-27
MostPop	ItemKNN_nn=100_sim=cosine_imp=standard_bin=False_shrink=0_norm=True_asymalpha=_tvalpha=_tvbeta=_rweights=	MAR	6.0495815038505255e-27
ItemKNN_nn=100_sim=cosine_imp=standard_bin=False_shrink=0_norm=True_asymalpha=_tvalpha=_tvbeta=_rweights=	MostPop	MRR	1.4665514163179007e-14
MostPop	ItemKNN_nn=100_sim=cosine_imp=standard_bin=False_shrink=0_norm=True_asymalpha=_tvalpha=_tvbeta=_rweights=	MRR	1.4665514163179007e-14
ItemKNN_nn=100_sim=cosine_imp=standard_bin=False_shrink=0_norm=True_asymalpha=_tvalpha=_tvbeta=_rweights=	MostPop	ACLT	1.0802537189776278e-81
MostPop	ItemKNN_nn=100_sim=cosine_imp=standard_bin=False_shrink=0_norm=True_asymalpha=_tvalpha=_tvbeta=_rweights=	ACLT	1.0802537189776278e-81
ItemKNN_nn=100_sim=cosine_imp=standard_bin=False_shrink=0_norm=True_asymalpha=_tvalpha=_tvbeta=_rweights=	MostPop	APLT	1.0802537189776278e-81
MostPop	ItemKNN_nn=100_sim=cosine_imp=standard_bin=False_shrink=0_norm=True_asymalpha=_tvalpha=_tvbeta=_rweights=	APLT	1.0802537189776278e-81
ItemKNN_nn=100_sim=cosine_imp=standard_bin=False_shrink=0_norm=True_asymalpha=_tvalpha=_tvbeta=_rweights=	MostPop	ARP	8.287961720384575e-83
MostPop	ItemKNN_nn=100_sim=cosine_imp=standard_bin=False_shrink=0_norm=True_asymalpha=_tvalpha=_tvbeta=_rweights=	ARP	8.287961720384575e-83
ItemKNN_nn=100_sim=cosine_imp=standard_bin=False_shrink=0_norm=True_asymalpha=_tvalpha=_tvbeta=_rweights=	MostPop	EFD	2.038584428466735e-56
MostPop	ItemKNN_nn=100_sim=cosine_imp=standard_bin=False_shrink=0_norm=True_asymalpha=_tvalpha=_tvbeta=_rweights=	EFD	2.038584428466735e-56
ItemKNN_nn=100_sim=cosine_imp=standard_bin=False_shrink=0_norm=True_asymalpha=_tvalpha=_tvbeta=_rweights=	MostPop	EPC	8.165806918718154e-51
MostPop	ItemKNN_nn=100_sim=cosine_imp=standard_bin=False_shrink=0_norm=True_asymalpha=_tvalpha=_tvbeta=_rweights=	EPC	8.165806918718154e-51
RP3beta_neighborhood=507_alpha=1$0180281935718316_beta=0$41875971052261285_normalize_similarity=True	MostPop	nDCG	6.035631525736168e-54
MostPop	RP3beta_neighborhood=507_alpha=1$0180281935718316_beta=0$41875971052261285_normalize_similarity=True	nDCG	6.035631525736168e-54
RP3beta_neighborhood=507_alpha=1$0180281935718316_beta=0$41875971052261285_normalize_similarity=True	MostPop	Recall	1.0754244235364847e-60
MostPop	RP3beta_neighborhood=507_alpha=1$0180281935718316_beta=0$41875971052261285_normalize_similarity=True	Recall	1.0754244235364847e-60
RP3beta_neighborhood=507_alpha=1$0180281935718316_beta=0$41875971052261285_normalize_similarity=True	MostPop	Precision	9.003706598432491e-61
MostPop	RP3beta_neighborhood=507_alpha=1$0180281935718316_beta=0$41875971052261285_normalize_similarity=True	Precision	9.003706598432491e-61
RP3beta_neighborhood=507_alpha=1$0180281935718316_beta=0$41875971052261285_normalize_similarity=True	MostPop	nDCGRendle2020	1.2181969771283912e-57
MostPop	RP3beta_neighborhood=507_alpha=1$0180281935718316_beta=0$41875971052261285_normalize_similarity=True	nDCGRendle2020	1.2181969771283912e-57
RP3beta_neighborhood=507_alpha=1$0180281935718316_beta=0$41875971052261285_normalize_similarity=True	MostPop	HR	2.195304634414528e-47
MostPop	RP3beta_neighborhood=507_alpha=1$0180281935718316_beta=0$41875971052261285_normalize_similarity=True	HR	2.195304634414528e-47
RP3beta_neighborhood=507_alpha=1$0180281935718316_beta=0$41875971052261285_normalize_similarity=True	MostPop	F1	1.21925362066314e-60
MostPop	RP3beta_neighborhood=507_alpha=1$0180281935718316_beta=0$41875971052261285_normalize_similarity=True	F1	1.21925362066314e-60
RP3beta_neighborhood=507_alpha=1$0180281935718316_beta=0$41875971052261285_normalize_similarity=True	MostPop	MAP	4.726120810150725e-21
MostPop	RP3beta_neighborhood=507_alpha=1$0180281935718316_beta=0$41875971052261285_normalize_similarity=True	MAP	4.726120810150725e-21
RP3beta_neighborhood=507_alpha=1$0180281935718316_beta=0$41875971052261285_normalize_similarity=True	MostPop	MAR	1.1430417288078196e-33
MostPop	RP3beta_neighborhood=507_alpha=1$0180281935718316_beta=0$41875971052261285_normalize_similarity=True	MAR	1.1430417288078196e-33
RP3beta_neighborhood=507_alpha=1$0180281935718316_beta=0$41875971052261285_normalize_similarity=True	MostPop	MRR	1.0124768241467168e-18
MostPop	RP3beta_neighborhood=507_alpha=1$0180281935718316_beta=0$41875971052261285_normalize_similarity=True	MRR	1.0124768241467168e-18
RP3beta_neighborhood=507_alpha=1$0180281935718316_beta=0$41875971052261285_normalize_similarity=True	MostPop	ACLT	2.1623728795983907e-80
MostPop	RP3beta_neighborhood=507_alpha=1$0180281935718316_beta=0$41875971052261285_normalize_similarity=True	ACLT	2.1623728795983907e-80
RP3beta_neighborhood=507_alpha=1$0180281935718316_beta=0$41875971052261285_normalize_similarity=True	MostPop	APLT	2.1623728795983907e-80
MostPop	RP3beta_neighborhood=507_alpha=1$0180281935718316_beta=0$41875971052261285_normalize_similarity=True	APLT	2.1623728795983907e-80
RP3beta_neighborhood=507_alpha=1$0180281935718316_beta=0$41875971052261285_normalize_similarity=True	MostPop	ARP	8.288171151946101e-83
MostPop	RP3beta_neighborhood=507_alpha=1$0180281935718316_beta=0$41875971052261285_normalize_similarity=True	ARP	8.288171151946101e-83
RP3beta_neighborhood=507_alpha=1$0180281935718316_beta=0$41875971052261285_normalize_similarity=True	MostPop	EFD	7.24437192461565e-63
MostPop	RP3beta_neighborhood=507_alpha=1$0180281935718316_beta=0$41875971052261285_normalize_similarity=True	EFD	7.24437192461565e-63
RP3beta_neighborhood=507_alpha=1$0180281935718316_beta=0$41875971052261285_normalize_similarity=True	MostPop	EPC	4.453093929084671e-59
MostPop	RP3beta_neighborhood=507_alpha=1$0180281935718316_beta=0$41875971052261285_normalize_similarity=True	EPC	4.453093929084671e-59
